tweet_id	retweet_count	favorite_count 
666020888022790149	423	2293
666029285002620928	39	112
666033412701032449	36	100
666044226329800704	115	247
666049248165822465	37	89
666050758794694657	50	115
666051853826850816	706	1030
666055525042405380	196	367
666057090499244032	112	249
666058600524156928	47	99
666063827256086533	181	400
666071193221509120	51	127
666073100786774016	132	274
666082916733198337	37	93
666094000022159362	63	143
666099513787052032	53	134
666102155909144576	11	66
666104133288665088	5494	12917
666268910803644416	38	100
666273097616637952	68	152
666287406224695296	57	123
666293911632134144	291	427
666337882303524864	79	168
666345417576210432	125	246
666353288456101888	58	179
666362758909284353	471	651
666373753744588802	73	163
666396247373291520	69	147
666407126856765440	30	93
666411507551481857	262	372
666418789513326592	39	108
666421158376562688	92	273
666428276349472768	67	139
666430724426358785	160	278
666435652385423360	42	139
666437273139982337	40	106
666447344410484738	19	90
666454714377183233	182	448
666644823164719104	70	208
666649482315059201	526	994
666691418707132416	42	161
666701168228331520	182	371
666739327293083650	60	209
666776908487630848	150	305
666781792255496192	169	327
666786068205871104	411	658
666804364988780544	79	206
666817836334096384	212	444
666826780179869698	79	221
666835007768551424	66	185
666837028449972224	474	702
666983947667116034	847	2249
666996132027977728	79	214
667012601033924608	187	395
667044094246576128	43	163
667062181243039745	45	192
667065535570550784	40	143
667073648344346624	104	352
667090893657276420	106	287
667119796878725120	107	286
667138269671505920	1877	4021
667152164079423490	14643	42342
667160273090932737	50	219
667165590075940865	973	2383
667171260800061440	72	186
667174963120574464	70	218
667176164155375616	389	527
667177989038297088	48	166
667182792070062081	5288	12560
667188689915760640	334	643
667192066997374976	86	333
667200525029539841	228	546
667211855547486208	210	425
667369227918143488	145	328
667393430834667520	50	168
667405339315146752	197	412
667435689202614272	77	267
667437278097252352	200	396
667443425659232256	490	683
667453023279554560	74	279
667455448082227200	53	171
667470559035432960	85	225
667491009379606528	190	459
667495797102141441	232	458
667502640335572993	195	485
667509364010450944	1867	6073
667517642048163840	166	332
667524857454854144	970	1508
667530908589760512	207	412
667534815156183040	446	719
667538891197542400	58	176
667544320556335104	459	763
667546741521195010	108	302
667549055577362432	1964	5116
667550882905632768	26	0
667550904950915073	29	0
667724302356258817	269	423
667728196545200128	128	324
667766675769573376	184	373
667773195014021121	44	204
667782464991965184	210	363
667793409583771648	285	610
667801013445750784	82	284
667806454573760512	421	931
667832474953625600	55	256
667861340749471744	69	221
667866724293877760	902	2720
667873844930215936	339	553
667878741721415682	101	349
667885044254572545	401	731
667886921285246976	909	1651
667902449697558528	334	762
667911425562669056	245	430
667915453470232577	45	184
667924896115245057	95	265
667937095915278337	695	1115
668113020489474048	208	587
668142349051129856	239	511
668154635664932864	272	440
668171859951755264	161	425
668190681446379520	170	577
668204964695683073	172	489
668221241640230912	169	452
668226093875376128	84	247
668237644992782336	2433	5457
668248472370458624	408	844
668256321989451776	518	1154
668268907921326080	206	486
668274247790391296	198	723
668286279830867968	119	436
668291999406125056	28	213
668297328638447616	255	557
668466899341221888	443	772
668480044826800133	128	397
668484198282485761	208	372
668496999348633600	115	360
668507509523615744	87	280
668528771708952576	189	404
668537837512433665	60	225
668542336805281792	182	403
668544745690562560	197	452
668567822092664832	46	206
668614819948453888	271	544
668620235289837568	35	181
668623201287675904	655	1249
668625577880875008	112	330
668627278264475648	97	281
668631377374486528	281	621
668633411083464705	1385	2472
668636665813057536	435	921
668641109086707712	467	945
668643542311546881	447	789
668645506898350081	459	776
668655139528511488	190	474
668779399630725120	325	632
668815180734689280	227	494
668826086256599040	112	383
668852170888998912	139	410
668872652652679168	268	477
668892474547511297	126	354
668902994700836864	87	275
668932921458302977	50	227
668955713004314625	63	241
668960084974809088	210	620
668975677807423489	498	1158
668979806671884288	293	706
668981893510119424	259	485
668986018524233728	140	479
668988183816871936	391	801
668989615043424256	288	596
668992363537309700	294	660
668994913074286592	191	391
669000397445533696	5536	18718
669006782128353280	209	512
669015743032369152	325	651
669037058363662336	266	575
669203728096960512	409	892
669214165781868544	135	386
669216679721873412	348	1060
669324657376567296	182	440
669327207240699904	102	498
669328503091937280	367	908
669351434509529089	157	382
669353438988365824	231	565
669354382627049472	1095	2397
669359674819481600	103	332
669363888236994561	202	558
669367896104181761	131	407
669371483794317312	148	437
669375718304980992	635	1181
669393256313184256	62	312
669564461267722241	105	337
669567591774625800	45	202
669571471778410496	886	1410
669573570759163904	120	388
669583744538451968	806	1324
669597912108789760	134	448
669603084620980224	317	848
669625907762618368	1576	3134
669661792646373376	369	715
669680153564442624	245	588
669682095984410625	116	312
669683899023405056	94	338
669749430875258880	55	229
669753178989142016	342	711
669923323644657664	50	202
669926384437997569	82	340
669942763794931712	134	445
669970042633789440	43	272
669972011175813120	134	396
669993076832759809	70	288
670003130994700288	77	296
670037189829525505	240	527
670040295598354432	97	662
670046952931721218	153	576
670055038660800512	280	592
670061506722140161	291	670
670069087419133954	205	555
670073503555706880	681	1388
670079681849372674	1059	1957
670086499208155136	219	623
670093938074779648	280	913
670290420111441920	250	622
670303360680108032	107	384
670319130621435904	1068	3473
670338931251150849	96	374
670361874861563904	56	290
670374371102445568	238	669
670385711116361728	174	495
670403879788544000	130	378
670408998013820928	189	488
670411370698022913	773	1796
670417414769758208	282	501
670420569653809152	265	542
670421925039075328	554	1148
670427002554466305	142	465
670428280563085312	524	1235
670433248821026816	100	296
670434127938719744	563	1259
670435821946826752	438	941
670442337873600512	176	581
670444955656130560	1748	6064
670449342516494336	571	1076
670452855871037440	175	490
670465786746662913	469	856
670468609693655041	77	317
670474236058800128	634	1342
670668383499735048	4331	9480
670676092097810432	35	215
670679630144274432	243	668
670691627984359425	210	521
670704688707301377	320	687
670717338665226240	421	1058
670727704916926465	314	738
670733412878163972	447	851
670755717859713024	89	393
670764103623966721	372	960
670778058496974848	62	298
670780561024270336	250	704
670782429121134593	662	1355
670783437142401025	330	725
670786190031921152	172	531
670789397210615808	210	586
670792680469889025	238	735
670797304698376195	205	661
670803562457407488	78	302
670804601705242624	825	1742
670807719151067136	429	1050
670811965569282048	232	984
670815497391357952	1325	2794
670822709593571328	83	545
670823764196741120	162	677
670826280409919488	3518	4880
670832455012716544	186	647
670833812859932673	108	382
670838202509447168	599	984
670840546554966016	167	524
670842764863651840	7585	22098
670995969505435648	245	969
671109016219725825	379	1008
671115716440031232	675	1217
671122204919246848	2194	3094
671134062904504320	163	655
671138694582165504	345	822
671141549288370177	572	1024
671147085991960577	192	586
671151324042559489	129	589
671154572044468225	186	626
671159727754231808	69	313
671163268581498880	970	1461
671166507850801152	301	782
671182547775299584	284	979
671186162933985280	179	642
671347597085433856	371	835
671355857343524864	105	421
671357843010908160	133	351
671362598324076544	257	981
671390180817915904	657	1282
671485057807351808	197	679
671486386088865792	173	512
671488513339211776	415	886
671497587707535361	392	828
671504605491109889	3136	6251
671511350426865664	606	1428
671518598289059840	254	833
671520732782923777	454	1223
671528761649688577	219	741
671533943490011136	497	901
671536543010570240	345	1036
671538301157904385	337	836
671542985629241344	487	966
671544874165002241	890	1735
671547767500775424	499	1206
671561002136281088	6331	11411
671729906628341761	3817	7515
671735591348891648	659	1292
671743150407421952	202	676
671744970634719232	667	1212
671763349865160704	777	1497
671768281401958400	435	1052
671789708968640512	3008	6332
671855973984772097	376	795
671866342182637568	422	999
671874878652489728	480	1108
671879137494245376	576	1250
671882082306625538	1215	3118
671891728106971137	486	1178
671896809300709376	3686	7638
672068090318987265	440	1142
672082170312290304	320	841
672095186491711488	328	880
672125275208069120	995	2122
672139350159835138	599	1553
672160042234327040	304	767
672169685991993344	320	909
672205392827572224	1012	1998
672222792075620352	176	703
672231046314901505	877	1625
672239279297454080	277	807
672245253877968896	133	609
672248013293752320	525	1538
672254177670729728	654	1276
672256522047614977	1331	2521
672264251789176834	288	1012
672267570918129665	540	1318
672272411274932228	2944	5734
672466075045466113	451	1195
672475084225949696	609	1297
672481316919734272	111	641
672482722825261057	521	993
672488522314567680	376	991
672523490734551040	147	554
672538107540070400	319	904
672591271085670400	157	644
672591762242805761	288	848
672594978741354496	533	1182
672604026190569472	339	975
672609152938721280	338	972
672614745925664768	512	1091
672622327801233409	424	1151
672640509974827008	274	875
672828477930868736	420	1110
672834301050937345	505	1160
672877615439593473	306	910
672884426393653248	733	1373
672898206762672129	364	797
672902681409806336	426	1234
672964561327235073	557	1263
672968025906282496	474	1188
672970152493887488	307	841
672975131468300288	786	1499
672980819271634944	894	1632
672984142909456390	471	1120
672988786805112832	254	879
672995267319328768	255	846
672997845381865473	632	1759
673148804208660480	551	1494
673213039743795200	725	1980
673240798075449344	619	1280
673270968295534593	313	960
673295268553605120	2761	6744
673317986296586240	217	783
673320132811366400	6909	11997
673342308415348736	493	1141
673343217010679808	236	861
673345638550134785	1107	2235
673350198937153538	185	687
673352124999274496	477	1497
673355879178194945	498	1347
673359818736984064	594	1289
673363615379013632	268	931
673576835670777856	489	1235
673580926094458881	240	737
673583129559498752	317	1070
673612854080196609	632	1427
673636718965334016	314	996
673656262056419329	201	651
673662677122719744	329	1131
673680198160809984	418	1229
673686845050527744	377	1277
673688752737402881	440	1127
673689733134946305	574	1547
673697980713705472	1702	3520
673700254269775872	502	1283
673705679337693185	359	1125
673707060090052608	346	989
673708611235921920	257	954
673709992831262724	236	755
673711475735838725	266	942
673715861853720576	1818	3168
673887867907739649	222	845
673906403526995968	1439	2854
673919437611909120	328	1059
673956914389192708	843	1753
674008982932058114	305	1085
674014384960745472	563	1391
674019345211760640	266	1019
674024893172875264	1088	1587
674036086168010753	181	760
674038233588723717	370	983
674042553264685056	111	637
674045139690631169	567	1267
674051556661161984	432	1294
674053186244734976	1133	2956
674063288070742018	1916	5745
674075285688614912	246	891
674082852460433408	144	683
674255168825880576	469	1308
674262580978937856	385	1181
674265582246694913	735	1463
674269164442398721	204	826
674271431610523648	645	1397
674291837063053312	5160	13215
674318007229923329	452	1258
674372068062928900	280	767
674394782723014656	490	1335
674410619106390016	403	1070
674416750885273600	117	611
674422304705744896	468	1286
674436901579923456	346	987
674447403907457024	315	958
674468880899788800	1791	5581
674632714662858753	503	1346
674638615994089473	515	1521
674644256330530816	243	933
674646392044941312	430	1284
674664755118911488	206	813
674670581682434048	570	1451
674690135443775488	413	1027
674737130913071104	81	582
674739953134403584	328	969
674743008475090944	469	1261
674752233200820224	402	1314
674754018082705410	384	1228
674764817387900928	201	700
674767892831932416	693	1636
674774481756377088	415	992
674781762103414784	1051	1810
674788554665512960	182	720
674790488185167872	219	988
674793399141146624	955	2230
674800520222154752	754	2709
674805413498527744	319	766
674999807681908736	958	1997
675003128568291329	406	1395
675006312288268288	202	877
675015141583413248	1048	2427
675047298674663426	276	930
675109292475830276	1000	2524
675111688094527488	213	869
675113801096802304	691	1742
675135153782571009	414	1168
675145476954566656	786	1919
675146535592706048	257	1058
675147105808306176	200	841
675149409102012420	1504	3356
675153376133427200	2267	5606
675166823650848770	1389	3179
675334060156301312	1137	2489
675349384339542016	2005	3535
675354435921575936	14932	29538
675362609739206656	196	943
675372240448454658	458	1533
675432746517426176	504	1364
675483430902214656	858	1668
675489971617296384	528	1155
675497103322386432	1139	2828
675501075957489664	5235	15586
675517828909424640	409	1151
675522403582218240	248	944
675531475945709568	333	1071
675534494439489536	365	1666
675706639471788032	86	583
675707330206547968	602	1787
675710890956750848	722	1695
675740360753160193	297	1063
675781562965868544	420	1458
675798442703122432	3055	9332
675820929667219457	208	960
675822767435051008	477	1383
675845657354215424	781	2051
675853064436391936	1140	2432
675870721063669760	501	1473
675878199931371520	1242	3785
675888385639251968	842	2122
675891555769696257	767	1928
675898130735476737	506	1449
676089483918516224	393	1185
676098748976615425	1253	2685
676101918813499392	1053	2587
676146341966438401	593	1755
676191832485810177	922	2057
676215927814406144	518	1575
676219687039057920	27846	71058
676237365392908289	251	1092
676263575653122048	485	1897
676430933382295552	303	1267
676440007570247681	593	1568
676470639084101634	4191	10612
676496375194980353	472	1378
676533798876651520	490	1704
676575501977128964	993	2338
676582956622721024	252	1082
676588346097852417	701	2088
676603393314578432	342	1045
676606785097199616	388	1725
676613908052996102	178	988
676617503762681856	857	2620
676776431406465024	1805	4534
676811746707918848	381	1311
676819651066732545	602	1658
676821958043033607	13830	20770
676864501615042560	629	1905
676897532954456065	650	2054
676936541936185344	4440	11643
676942428000112642	668	1881
676946864479084545	328	1581
676948236477857792	778	1963
676949632774234114	350	1189
676957860086095872	721	2030
676975532580409345	953	2531
677187300187611136	815	2487
677228873407442944	1468	3216
677269281705472000	637	1800
677301033169788928	355	1118
677314812125323265	472	1504
677328882937298944	1349	3343
677331501395156992	209	989
677334615166730240	253	1230
677530072887205888	204	970
677547928504967168	3301	6336
677557565589463040	1019	2229
677565715327688705	413	1195
677573743309385728	600	1940
677644091929329666	728	1713
677662372920729601	844	1778
677673981332312066	1352	3039
677687604918272002	758	2266
677698403548192770	288	1119
677700003327029250	1294	3119
677716515794329600	880	2792
677895101218201600	1846	4402
677918531514703872	364	1220
678021115718029313	5650	12400
678255464182861824	327	1453
678278586130948096	5499	10433
678334497360859136	226	1183
678341075375947776	474	1575
678380236862578688	822	2246
678389028614488064	383	1712
678396796259975168	375	1458
678399652199309312	28640	73607
678410210315247616	1611	3834
678424312106393600	2285	5004
678446151570427904	1374	3657
678643457146150913	361	1882
678675843183484930	1321	2608
678740035362037760	1492	3399
678755239630127104	2939	6498
678764513869611008	418	1483
678767140346941444	1233	3231
678774928607469569	822	2576
678798276842360832	1031	3169
678800283649069056	821	2360
678969228704284672	410	1498
678991772295516161	1019	2077
679047485189439488	588	2059
679062614270468097	7224	15515
679111216690831360	2316	5445
679132435750195208	1037	2713
679148763231985668	928	2558
679158373988876288	7260	19479
679462823135686656	17054	29472
679475951516934144	585	1929
679503373272485890	1340	2924
679511351870550016	1150	3078
679527802031484928	653	2435
679530280114372609	1889	4380
679722016581222400	426	1543
679729593985699840	751	1996
679736210798047232	719	1917
679777920601223168	998	2861
679828447187857408	12636	33244
679844490799091713	687	2188
679854723806179328	1105	2617
679862121895714818	557	2257
679877062409191424	582	1807
680070545539371008	778	2390
680085611152338944	8170	11783
680100725817409536	1254	3310
680115823365742593	830	2501
680130881361686529	858	2120
680145970311643136	1564	3315
680161097740095489	673	2147
680176173301628928	1403	3571
680191257256136705	445	1985
680206703334408192	1052	2596
680221482581123072	262	1363
680440374763077632	443	1330
680473011644985345	674	2349
680494726643068929	440	1577
680497766108381184	1738	3898
680583894916304897	1194	3320
680609293079592961	629	2415
680798457301471234	940	2612
680801747103793152	743	2196
680836378243002368	1185	3197
680889648562991104	327	1616
680913438424612864	565	2220
680934982542561280	395	1925
680940246314430465	939	2931
680959110691590145	1826	4231
680970795137544192	586	2218
681193455364796417	1343	3426
681231109724700672	441	2245
681242418453299201	471	1362
681261549936340994	237	1335
681281657291280384	1000	2976
681297372102656000	859	2967
681302363064414209	1633	3607
681320187870711809	673	2419
681339448655802368	3712	8570
681523177663676416	5221	13208
681579835668455424	1180	3261
681610798867845120	419	1736
681654059175129088	820	2429
681679526984871937	401	1630
681694085539872773	3699	11842
681891461017812993	748	2275
681981167097122816	922	2600
682003177596559360	1373	2877
682032003584274432	1802	6075
682047327939461121	850	2952
682059653698686977	1533	4550
682242692827447297	1043	2977
682259524040966145	1079	3818
682303737705140231	889	2829
682389078323662849	425	1544
682393905736888321	598	2080
682406705142087680	1591	6985
682429480204398592	1047	3187
682638830361513985	535	1913
682662431982772225	988	2825
682697186228989953	333	1216
682750546109968385	398	1409
682788441537560576	1020	2288
682962037429899265	14931	33875
683030066213818368	672	2001
683078886620553216	520	1861
683098815881154561	590	2003
683111407806746624	821	3152
683142553609318400	941	2650
683357973142474752	826	2675
683391852557561860	2184	7061
683449695444799489	1461	3583
683462770029932544	620	2245
683481228088049664	907	2456
683498322573824003	875	2938
683742671509258241	3016	5986
683773439333797890	1224	3081
683828599284170753	974	2591
683834909291606017	1025	2420
683849932751646720	858	2419
683852578183077888	317	1794
683857920510050305	1023	3529
684097758874210310	1302	3804
684122891630342144	426	1865
684177701129875456	595	1869
684188786104872960	1057	3232
684195085588783105	458	1766
684200372118904832	947	1987
684222868335505415	1243	3527
684225744407494656	184	1148
684241637099323392	2959	7509
684460069371654144	504	1822
684481074559381504	1073	3576
684538444857667585	859	2442
684567543613382656	1109	2770
684594889858887680	3182	8192
684800227459624960	906	2515
684880619965411328	731	1925
684902183876321280	468	1721
684914660081053696	1327	3228
684926975086034944	417	3226
684940049151070208	948	2969
684959798585110529	2824	6304
685169283572338688	1285	3792
685198997565345792	590	2142
685268753634967552	1081	2849
685307451701334016	399	1929
685315239903100929	948	3040
685321586178670592	582	2452
685325112850124800	3600	8695
685532292383666176	1049	2814
685547936038666240	14174	30455
685641971164143616	699	2696
685663452032069632	1338	2981
685667379192414208	511	2188
685906723014619143	2600	6917
685943807276412928	536	1501
685973236358713344	478	1942
686003207160610816	565	1683
686007916130873345	367	2286
686034024800862208	1042	2857
686050296934563840	665	2068
686358356425093120	603	2000
686377065986265092	516	2056
686386521809772549	793	3020
686606069955735556	494	1757
686618349602762752	1240	3416
686683045143953408	736	2616
686730991906516992	1096	3814
686749460672679938	1323	3209
686947101016735744	2913	8005
687096057537363968	553	2084
687102708889812993	876	2176
687109925361856513	2249	5375
687124485711986689	463	2024
687127927494963200	2060	4984
687312378585812992	1743	4024
687317306314240000	8369	18696
687460506001633280	494	1911
687476254459715584	483	1833
687480748861947905	222	1478
687494652870668288	530	1766
687664829264453632	473	1806
687704180304273409	767	2247
687807801670897665	660	2205
687818504314159109	870	2283
687826841265172480	1014	2527
688064179421470721	325	1604
688116655151435777	702	2626
688179443353796608	533	1984
688211956440801280	763	2085
688385280030670848	4096	8581
688519176466644993	661	2156
688547210804498433	629	2410
688789766343622656	605	2064
688804835492233216	171	891
688828561667567616	326	1279
688894073864884227	622	2064
688898160958271489	711	1932
688908934925697024	709	1945
688916208532455424	776	2504
689143371370250240	458	1870
689154315265683456	900	2867
689275259254616065	225	1058
689280876073582592	642	1830
689283819090870273	1005	3028
689289219123089408	854	2077
689517482558820352	1302	3142
689557536375177216	407	1908
689599056876867584	5038	10803
689623661272240129	581	2049
689659372465688576	3495	9556
689661964914655233	851	3006
689835978131935233	690	2024
689877686181715968	1048	2807
689905486972461056	624	2264
689977555533848577	411	1272
689999384604450816	330	1309
690005060500217858	1545	3395
690015576308211712	664	2313
690021994562220032	927	2587
690248561355657216	370	1546
690360449368465409	798	2462
690374419777196032	765	2984
690400367696297985	406	1743
690597161306841088	550	1790
690649993829576704	250	1202
690690673629138944	754	2159
690728923253055490	469	2009
690735892932222976	1159	3512
690932576555528194	912	3032
690938899477221376	1761	3785
690959652130045952	1121	3325
691090071332753408	307	1606
691096613310316544	797	2772
691321916024623104	602	2391
691416866452082688	6941	17909
691444869282295808	756	2442
691459709405118465	1029	3746
691483041324204033	503	2209
691675652215414786	461	1800
691756958957883396	890	2610
691820333922455552	1499	3672
692017291282812928	873	2680
692142790915014657	355	1515
692158366030913536	724	1979
692187005137076224	751	2345
692417313023332352	3146	8680
692530551048294401	370	1710
692535307825213440	1241	2915
692568918515392513	1399	4044
692752401762250755	3319	6300
692828166163931137	801	2670
692894228850999298	720	2091
692901601640583168	541	1623
692905862751522816	792	2249
692919143163629568	700	2511
693095443459342336	406	1712
693109034023534592	552	1570
693155686491000832	2912	7283
693231807727280129	674	2670
693262851218264065	452	2053
693280720173801472	1127	3098
693486665285931008	572	1634
693590843962331137	1787	4670
693622659251335168	339	1421
693629975228977152	723	2269
693642232151285760	379	2364
693647888581312512	523	2486
693942351086120961	331	1630
694001791655137281	927	3152
694183373896572928	844	2720
694206574471057408	1864	3830
694329668942569472	451	1830
694352839993344000	546	1886
694356675654983680	251	1389
694669722378485760	13129	33130
694905863685980160	842	2547
695051054296211456	719	2443
695064344191721472	530	1482
695074328191332352	999	2628
695095422348574720	552	2472
695314793360662529	1306	3356
695409464418041856	3265	8018
695446424020918272	1660	4103
695629776980148225	1901	4216
695767669421768709	666	1712
695794761660297217	710	2926
695816827381944320	1059	2773
696405997980676096	1056	2940
696488710901260288	929	2318
696713835009417216	588	2186
696754882863349760	329	1374
696877980375769088	644	2270
696886256886657024	1634	4463
696894894812565505	622	2179
696900204696625153	942	2929
697242256848379904	618	2338
697255105972801536	1059	2854
697259378236399616	909	3048
697270446429966336	1724	4363
697463031882764288	1278	3183
697482927769255936	608	2247
697575480820686848	456	1896
697596423848730625	1139	2791
697616773278015490	926	2901
697881462549430272	1060	2795
697943111201378304	618	2209
697990423684476929	1176	3029
697995514407682048	307	1420
698178924120031232	678	2598
698195409219559425	5470	15562
698262614669991936	1803	4418
698342080612007937	873	2083
698355670425473025	398	1710
698549713696649216	561	2151
698635131305795584	315	1198
698703483621523456	338	1333
698710712454139905	621	2279
698907974262222848	556	2345
698953797952008193	834	2494
698989035503689728	880	3091
699036661657767936	1095	2414
699072405256409088	1084	2726
699079609774645248	578	2263
699088579889332224	570	2093
699323444782047232	785	2913
699370870310113280	395	1757
699413908797464576	574	1934
699423671849451520	290	1253
699434518667751424	468	2037
699446877801091073	2405	5529
699691744225525762	4172	9499
699775878809702401	543	1815
699779630832685056	1113	2515
699788877217865730	473	2070
699801817392291840	852	2785
700002074055016451	1206	3040
700029284593901568	532	1922
700062718104104960	616	2454
700143752053182464	2451	6949
700151421916807169	611	2062
700167517596164096	660	2439
700462010979500032	1631	3793
700505138482569216	524	2114
700518061187723268	723	2407
700747788515020802	8481	21081
700796979434098688	866	2263
700847567345688576	453	2286
700864154249383937	563	2409
700890391244103680	512	2049
701214700881756160	4652	11311
701545186879471618	552	2459
701570477911896070	842	2585
701601587219795968	418	1929
701889187134500865	1261	3257
701952816642965504	934	3551
701981390485725185	895	3172
702217446468493312	1229	4409
702276748847800320	696	2290
702321140488925184	957	3039
702539513671897089	876	2662
702598099714314240	3146	11362
702671118226825216	508	2024
702684942141153280	968	2996
702932127499816960	655	2376
703041949650034688	11357	24401
703079050210877440	2811	6838
703268521220972544	495	1832
703356393781329922	347	1772
703382836347330562	1037	3230
703407252292673536	624	2265
703425003149250560	1225	3508
703611486317502464	1386	3554
703631701117943808	602	2371
703769065844768768	1025	3022
703774238772166656	406	1713
704054845121142784	845	2702
704113298707505153	522	1720
704347321748819968	314	1450
704364645503647744	3243	7368
704480331685040129	983	3157
704499785726889984	908	2670
704761120771465216	2643	6154
704819833553219584	900	2456
704847917308362754	1373	4720
704859558691414016	477	2076
704871453724954624	1019	3971
705066031337840642	556	2020
705102439679201280	476	1969
705223444686888960	717	2385
705239209544720384	679	2779
705428427625635840	1528	3528
705442520700944385	1466	4080
705475953783398401	833	2752
705591895322394625	1037	2925
705786532653883392	469	1801
705898680587526145	498	2194
705970349788291072	801	2937
705975130514706432	667	2871
706166467411222528	1460	4747
706265994973601792	852	2525
706291001778950144	439	1574
706310011488698368	7169	19605
706346369204748288	845	3184
706516534877929472	935	2881
706538006853918722	1305	3204
706593038911545345	582	1993
706644897839910912	990	2359
706681918348251136	896	3034
706901761596989440	528	1891
707014260413456384	546	2122
707021089608753152	1230	3744
707038192327901184	721	2025
707059547140169728	620	2408
707297311098011648	713	2590
707315916783140866	583	2289
707377100785885184	979	3020
707387676719185920	1152	3229
707411934438625280	548	2122
707420581654872064	637	2075
707610948723478529	5750	15657
707693576495472641	920	3136
707741517457260545	558	2296
707776935007539200	875	3018
707969809498152960	870	2495
707995814724026368	1018	2880
708026248782585858	1755	4079
708109389455101952	503	1808
708119489313951744	900	2490
708130923141795840	786	3109
708149363256774660	1416	3996
708349470027751425	679	2194
708356463048204288	1204	3312
708469915515297792	733	2864
708479650088034305	620	2349
708711088997666817	644	2348
708738143638450176	744	2549
708810915978854401	6283	15272
708834316713893888	454	1556
708845821941387268	807	2749
709042156699303936	1486	4352
709158332880297985	368	1882
709198395643068416	591	2276
709207347839836162	5209	11461
709225125749587968	523	2216
709409458133323776	619	2432
709449600415961088	520	2029
709519240576036864	219	1390
709556954897764353	977	3030
709566166965075968	1079	3265
709852847387627521	1094	3244
709901256215666688	92	609
709918798883774466	998	3239
710117014656950272	1787	5046
710140971284037632	808	2527
710153181850935296	816	2693
710269109699739648	1019	2206
710272297844797440	1147	4154
710283270106132480	482	2003
710588934686908417	1705	4187
710658690886586372	516	2147
710833117892898816	477	2478
710844581445812225	617	2358
710997087345876993	1270	4228
711008018775851008	560	2754
711306686208872448	681	3063
711363825979756544	1021	3334
711652651650457602	825	3562
711694788429553666	16690	30365
711732680602345472	3706	8117
711743778164514816	913	2628
711968124745228288	2101	7436
711998809858043904	122	0
712065007010385924	570	2080
712085617388212225	440	3027
712092745624633345	815	2720
712097430750289920	942	3477
712438159032893441	1424	4922
712668654853337088	1104	3841
712717840512598017	4527	11365
712809025985978368	6114	17612
713175907180089344	1339	4101
713177543487135744	2605	6669
713411074226274305	1191	4103
713761197720473600	1245	4478
713900603437621249	666	2629
713919462244790272	725	3053
714141408463036416	1286	4014
714214115368108032	802	2123
714251586676113411	765	3035
714258258790387713	673	2829
714606013974974464	834	3358
714631576617938945	902	3020
714957620017307648	1286	3826
714982300363173890	937	3445
715009755312439296	1108	3832
715200624753819648	1692	4764
715220193576927233	592	2224
715342466308784130	627	2799
715360349751484417	1415	5052
715680795826982913	1452	3985
715696743237730304	1171	3623
715733265223708672	1539	4304
715928423106027520	796	2939
716080869887381504	1716	6272
716285507865542656	969	2565
716439118184652801	191	2203
716791146589110272	1461	7762
716802964044845056	1053	3977
717009362452090881	873	2987
717047459982213120	1748	5822
717421804990701568	761	2899
717537687239008257	1668	5339
717790033953034240	992	2638
717841801130979328	545	2278
718234618122661888	916	3580
718246886998687744	448	1764
718454725339934721	1385	4523
718460005985447936	482	2514
718540630683709445	928	2247
718613305783398402	431	2262
718631497683582976	7266	17418
718939241951195136	1590	4820
718971898235854848	986	3218
719332531645071360	862	3185
719339463458033665	1124	4118
719367763014393856	692	2608
719551379208073216	1719	4664
719704490224398336	1303	4191
719991154352222208	1600	4495
720043174954147842	1825	4594
720059472081784833	1023	3572
720340705894408192	882	2632
720389942216527872	2272	5886
720415127506415616	1369	3811
720775346191278080	573	2262
720785406564900865	700	2866
721001180231503872	552	2351
721503162398597120	1650	4248
722613351520608256	1496	4599
722974582966214656	1444	3780
723179728551723008	1697	4877
723673163800948736	816	2796
723688335806480385	2654	7063
723912936180330496	1131	3602
724004602748780546	1397	3844
724046343203856385	513	2463
724049859469295616	1626	3991
724405726123311104	1517	4886
724771698126512129	570	2164
724983749226668032	1173	3453
725729321944506368	1613	4808
725786712245440512	1252	3861
725842289046749185	2432	6543
726224900189511680	1046	4091
726828223124897792	922	3315
726887082820554753	1374	3538
726935089318363137	2216	6324
727175381690781696	1248	3605
727286334147182592	748	2836
727314416056803329	673	3072
727524757080539137	1092	4127
727644517743104000	1595	5407
727685679342333952	577	2737
728015554473250816	993	3800
728035342121635841	1516	4174
728046963732717569	1086	3949
728387165835677696	880	3432
728409960103686147	1829	4511
728653952833728512	952	3066
728751179681943552	619	2555
728760639972315136	1549	4309
728986383096946689	742	2899
729113531270991872	288	1747
729463711119904772	2101	5336
729823566028484608	1129	3667
729838605770891264	339	1607
729854734790754305	1020	3720
730196704625098752	1714	4451
730211855403241472	960	3509
730427201120833536	943	3210
730573383004487680	1921	4484
730924654643314689	1796	5660
731156023742988288	1146	3555
731285275100512256	904	3226
732005617171337216	4890	13729
732375214819057664	2292	7448
732585889486888962	713	3368
732726085725589504	801	3301
732732193018155009	484	2235
733109485275860992	15571	49445
733460102733135873	1144	3876
733482008106668032	856	2885
733822306246479872	932	3393
733828123016450049	718	3311
734776360183431168	491	2328
734787690684657664	5773	11597
734912297295085568	473	2550
735137028879360001	887	2885
735256018284875776	804	3076
735274964362878976	4559	12068
735635087207878657	2150	5682
735648611367784448	1018	3744
735991953473572864	1038	3304
736010884653420544	2714	7272
736225175608430592	2552	7508
736365877722001409	1120	3688
736736130620620800	1547	3897
737310737551491075	6767	13561
737322739594330112	738	3331
737445876994609152	4077	9476
737678689543020544	1205	4640
737800304142471168	3181	9289
737826014890496000	1613	4843
738156290900254721	587	2294
738166403467907072	3048	8097
738184450748633089	1111	3987
738402415918125056	744	3020
738537504001953792	1402	4716
738883359779196928	724	3054
738885046782832640	1049	3505
739238157791694849	52976	107370
739485634323156992	2648	6611
739544079319588864	19308	36541
739606147276148736	1497	5005
739844404073074688	792	3536
739932936087216128	988	3766
739979191639244800	5393	18545
740214038584557568	1791	6195
740359016048689152	798	3053
740365076218183684	390	2256
740373189193256964	12158	32633
740676976021798912	6233	16873
740699697422163968	710	2654
740711788199743490	866	3156
740995100998766593	2479	5846
741067306818797568	2819	8881
741303864243200000	2934	8152
741438259667034112	749	3425
741743634094141440	2509	7561
741793263812808706	1388	4222
742150209887731712	1405	4727
742161199639494656	1249	4010
742385895052087300	1781	6303
742423170473463808	3431	9119
742465774154047488	3616	6766
742528092657332225	1798	4115
743210557239623680	1239	3562
743222593470234624	1745	5746
743253157753532416	1125	3935
743510151680958465	3426	7421
743545585370791937	865	3287
743595368194129920	5975	17004
743609206067040256	1271	4169
743895849529389061	881	3412
743980027717509120	1005	3906
744234799360020481	70856	145050
744334592493166593	1940	6346
744709971296780288	1444	5236
744971049620602880	2454	7318
744995568523612160	570	2751
745057283344719872	2058	6770
745314880350101504	2490	6618
745422732645535745	2209	7959
745433870967832576	2316	6552
745712589599014916	2136	6517
745789745784041472	967	3684
746056683365994496	743	3330
746131877086527488	2008	6409
746369468511756288	1493	5778
746507379341139972	991	4348
746726898085036033	1643	5646
746790600704425984	1468	4530
746818907684614144	1601	4958
746872823977771008	1953	5588
746906459439529985	271	2729
747103485104099331	3637	8904
747204161125646336	833	3133
747219827526344708	1446	4902
747461612269887489	951	3607
747512671126323200	1480	5145
747594051852075008	952	3432
747600769478692864	523	2173
747816857231626240	1062	4511
747844099428986880	677	2635
747885874273214464	882	2728
747933425676525569	2365	6186
747963614829678593	1963	5396
748307329658011649	657	3449
748324050481647620	696	3463
748346686624440324	1126	4867
748568946752774144	611	2053
748575535303884801	1817	5647
748692773788876800	1230	3961
748699167502000129	1460	4422
748705597323898880	880	2589
748932637671223296	2065	5422
748977405889503236	3139	10053
749036806121881602	732	2888
749064354620928000	1410	4512
749317047558017024	2055	5109
749395845976588288	3164	7979
749403093750648834	493	2447
749417653287129088	1518	5703
749774190421639168	1215	4361
749981277374128128	2281	4790
749996283729883136	759	2839
750011400160841729	823	3020
750026558547456000	722	2537
750041628174217216	568	2972
750056684286914561	822	2960
750071704093859840	3039	7271
750086836815486976	493	2029
750101899009982464	777	2853
750117059602808832	1215	4066
750132105863102464	1187	3381
750147208377409536	877	2921
750383411068534784	1043	4273
750429297815552001	3930	12323
750506206503038976	1056	4148
750719632563142656	4598	12279
750868782890057730	1253	4474
751132876104687617	1188	4737
751205363882532864	1669	5918
751251247299190784	5400	11756
751456908746354688	926	3019
751538714308972544	1149	4734
751583847268179968	1006	4104
751598357617971201	2838	7426
751830394383790080	1792	5448
751937170840121344	1202	4846
752173152931807232	1675	5560
752309394570878976	14932	0
752334515931054080	1012	3601
752519690950500352	3163	6877
752660715232722944	1427	4086
752682090207055872	1463	5619
752917284578922496	1446	6516
753026973505581056	879	3663
753294487569522689	962	3133
753375668877008896	2144	7159
753398408988139520	1739	5367
753420520834629632	3246	7363
753655901052166144	2001	5468
754120377874386944	2166	7408
754449512966619136	673	3509
754482103782404096	1798	4943
754747087846248448	478	2423
754856583969079297	2315	6460
754874841593970688	7260	0
755110668769038337	10207	19786
755206590534418437	4924	15334
755955933503782912	2638	6840
756275833623502848	1410	5989
756288534030475264	16350	41263
756303284449767430	1008	3713
756526248105566208	3309	9732
756651752796094464	1193	4714
756939218950160384	1845	6232
756998049151549440	1837	5885
757354760399941633	1302	4220
757393109802180609	1580	5454
757400162377592832	6334	14163
757596066325864448	960	4080
757597904299253760	278	0
757611664640446465	1012	4301
757725642876129280	1114	4259
757729163776290825	7224	0
757741869644341248	3034	6435
758041019896193024	341	2538
758355060040593408	969	3165
758405701903519748	1769	4888
758467244762497024	2032	4482
758474966123810816	918	3568
758740312047005698	1500	5388
758828659922702336	3565	10497
758854675097526272	843	3330
759099523532779520	3832	13650
759159934323924993	1068	0
759197388317847553	1804	5712
759447681597108224	2280	7954
759557299618865152	1107	4411
759793422261743616	1766	5596
759846353224826880	1802	6301
760190180481531904	1655	5364
760252756032651264	798	3713
760290219849637889	10585	25131
760539183865880579	3353	7094
760641137271070720	1193	4689
760656994973933572	1754	6190
760893934457552897	891	3579
761004547850530816	3221	10663
761227390836215808	1451	5014
761292947749015552	1003	4200
761334018830917632	1342	4840
761371037149827077	16690	0
761599872357261312	1102	3891
761672994376806400	26800	46358
761745352076779520	796	4031
761750502866649088	3600	0
761976711479193600	1835	5057
762035686371364864	14327	29867
762316489655476224	1030	4508
762464539388485633	3845	9665
762471784394268675	5930	10535
762699858130116608	3321	11384
763103485927849985	2128	6951
763183847194451968	1364	5067
763837565564780549	3826	11780
764259802650378240	1396	5656
764857477905154048	1654	6092
765222098633691136	3129	10943
765371061932261376	2010	6689
765395769549590528	3121	25151
765669560888528897	1134	4864
765719909049503744	1999	6818
766008592277377025	461	3545
766069199026450432	779	3955
766078092750233600	2432	0
766313316352462849	1738	6359
766423258543644672	1460	5651
766693177336135680	730	3802
766793450729734144	1260	4760
767122157629476866	2654	9576
767191397493538821	3482	11550
767500508068192258	2155	7066
767754930266464257	4970	15007
767884188863397888	1268	4477
768193404517830656	3275	10207
768473857036525572	3165	12783
768596291618299904	1192	4739
768609597686943744	1100	3867
768855141948723200	828	3941
768970937022709760	6015	13432
769212283578875904	1601	5087
769695466921623552	1566	6056
769940425801170949	8852	29338
770069151037685760	2129	7159
770093767776997377	2819	0
770293558247038976	1358	5859
770414278348247044	1930	5956
770655142660169732	1670	6935
770772759874076672	1328	4897
770787852854652928	1107	4624
771014301343748096	1539	6494
771102124360998913	1338	5876
771136648247640064	2716	8624
771171053431250945	6909	0
771380798096281600	4681	9932
771500966810099713	2427	7788
771770456517009408	3147	11303
772102971039580160	866	3778
772114945936949249	440	2585
772117678702071809	688	3560
772152991789019136	1055	3599
772193107915964416	1291	5686
772581559778025472	1588	6118
772615324260794368	3129	0
772826264096874500	2217	7575
772877495989305348	3585	8060
773191612633579521	3811	9414
773247561583001600	3011	8893
773308824254029826	6958	22012
773547596996571136	5706	20854
773670353721753600	1226	5060
773704687002451968	1499	6246
773922284943896577	1630	6067
773985732834758656	3591	10180
774314403806253056	5096	20566
774639387460112384	1617	6367
774757898236878852	1657	8142
775085132600442880	4379	14651
775364825476165632	2723	6961
775729183532220416	4283	12286
775733305207554048	3710	13102
775842724423557120	2468	11050
775898661951791106	15571	0
776088319444877312	141	1717
776113305656188928	4033	11135
776201521193218049	2338	9033
776218204058357768	14761	28137
776477788987613185	2569	8260
776813020089548800	1118	4615
776819012571455488	12636	0
777189768882946048	3993	13354
777621514455814149	2346	8234
777641927919427584	3930	0
777684233540206592	2732	10638
777885040357281792	1518	6004
778027034220126208	1494	6201
778039087836069888	2469	7998
778286810187399168	3068	9754
778383385161035776	1020	5512
778396591732486144	11357	0
778408200802557953	4014	12889
778624900596654080	943	4347
778650543019483137	1395	5428
778748913645780993	1210	6470
778990705243029504	6666	18785
779056095788752897	4221	13927
779377524342161408	2894	8271
779834332596887552	6513	17791
780192070812196864	2093	8223
780459368902959104	1005	5004
780476555013349377	104	0
780496263422808064	3431	0
780543529827336192	1629	5959
780601303617732608	3127	11446
780800785462489090	1203	5201
780858289093574656	1869	6813
780931614150983680	6760	20511
781163403222056960	2585	9288
781251288990355457	1932	7931
781524693396357120	5153	19618
781661882474196992	2529	9893
781955203444699136	3146	10582
782021823840026624	5750	0
782305867769217024	5134	15740
782598640137187329	1770	7391
782722598790725632	5026	16326
782747134529531904	1321	7081
782969140009107456	6906	22852
783085703974514689	2024	7743
783334639985389568	10905	27538
783347506784731136	5160	0
783391753726550016	5103	16016
783466772167098368	2078	7992
783695101801398276	2999	9889
783821107061198850	1832	6997
783839966405230592	10071	28432
784431430411685888	1184	5450
784517518371221505	2371	8510
784826020293709826	3016	9586
785170936622350336	4511	11397
785264754247995392	1522	6899
785533386513321988	1844	8603
785639753186217984	2106	7467
785872687017132033	1675	6357
785927819176054784	2994	10833
786036967502913536	6513	0
786233965241827333	4392	14434
786363235746385920	3227	10295
786595970293370880	2928	8995
786664955043049472	2369	10063
786709082849828864	5743	17386
786963064373534720	7452	25318
787322443945877504	1630	7412
787397959788929025	2672	10348
787717603741622272	2590	9718
787810552592695296	2847	8163
788039637453406209	1233	5804
788070120937619456	3221	0
788150585577050112	1204	5809
788178268662984705	1983	6909
788412144018661376	4939	14751
788765914992902144	9683	25961
788908386943430656	11731	26109
789137962068021249	2612	9238
789268448748703744	2451	8678
789530877013393408	3168	11103
789599242079838210	1798	6395
789628658055020548	1653	7088
789986466051088384	2151	8819
790277117346975746	2963	11924
790337589677002753	1771	7431
790581949425475584	6665	19607
790698755171364864	1812	7812
790723298204217344	2151	0
790946055508652032	4399	15890
790987426131050500	1993	9319
791026214425268224	3826	0
791312159183634433	2371	8328
791406955684368384	3866	12506
791672322847637504	2934	11169
792050063153438720	1675	6789
792394556390137856	4024	12745
792773781206999040	1576	7006
792883833364439040	4014	10729
792913359805018113	3723	13622
793120401413079041	3697	12048
793135492858580992	2367	6096
793150605191548928	1599	5860
793165685325201412	2635	8916
793180763617361921	1873	6571
793195938047070209	5287	14475
793210959003287553	2615	8488
793226087023144960	2727	9295
793241302385262592	3087	10011
793256262322548741	7825	18970
793271401113350145	2255	8264
793286476301799424	8611	23380
793500921481273345	2238	10145
793601777308463104	1522	7591
793614319594401792	2934	0
793845145112371200	1752	8785
793962221541933056	4590	15935
794205286408003585	3119	8781
794332329137291264	2543	9149
794355576146903043	9683	0
794926597468000259	2165	9701
794983741416415232	3168	0
795076730285391872	5110	15360
795400264262053889	2690	9531
795464331001561088	22021	46868
796031486298386433	3511	10289
796080075804475393	2172	8034
796116448414461957	2258	8658
796149749086875649	13403	30572
796177847564038144	13403	0
796387464403357696	3899	10476
796484825502875648	1656	7201
796759840936919040	2843	11221
796865951799083009	1831	7323
797236660651966464	6178	18964
797545162159308800	4626	13902
797971864723324932	2894	10970
798209839306514432	2425	9938
798340744599797760	3147	0
798628517273620480	1867	0
798644042770751489	1748	0
798665375516884993	3686	0
798673117451325440	5235	0
798694562394996736	4652	0
798697898615730177	6114	0
798925684722855936	1363	7168
798933969379225600	4164	12445
799063482566066176	2346	7694
799297110730567681	2570	9403
799422933579902976	1803	7695
799757965289017345	2008	7986
799774291445383169	4379	0
800018252395122689	12348	26949
800141422401830912	2398	14533
800388270626521089	2641	10635
800443802682937345	4033	0
800459316964663297	2064	9057
800513324630806528	2836	12514
800751577355128832	2640	10105
801115127852503040	1986	7685
801167903437357056	5530	23217
801285448605831168	774	5750
801538201127157760	1957	7831
801958328846974976	1599	7375
802239329049477120	2465	8665
802265048156610565	1301	6633
802323869084381190	5492	15359
802572683846291456	2362	8531
802624713319034886	2732	0
802952499103731712	1879	8590
803276597545603072	2304	9568
803380650405482500	1774	7408
803638050916102144	3891	10398
803692223237865472	6941	0
803773340896923648	2592	9573
804026241225523202	15085	42144
804413760345620481	3016	0
804738756058218496	3606	13004
805207613751304193	1629	7493
805487436403003392	2383	8359
805520635690676224	1553	5492
805826884734976000	1719	6242
805932879469572096	1806	7896
805958939288408065	5026	0
806219024703037440	1134	6144
806242860592926720	10905	0
806542213899489280	2222	9749
806629075125202948	32447	70709
807010152071229440	3640	12496
807059379405148160	6906	0
807106840509214720	51756	111821
807621403335917568	3397	13878
808001312164028416	3321	11868
808106460588765185	2073	8399
808134635716833280	5530	0
808501579447930884	2458	10773
808733504066486276	2035	7521
808838249661788160	2870	9655
809084759137812480	3311	12590
809220051211603969	5258	18918
809448704142938112	1374	6617
809808892968534016	4590	0
809920764300447744	3689	14800
810254108431155201	3174	13995
810284430598270976	10514	33361
810657578271330305	2475	10445
810896069567610880	1647	8557
810984652412424192	1337	5062
811386762094317568	5996	19896
811627233043480576	2858	12092
811744202451197953	1483	7167
811985624773361665	1313	6920
812372279581671427	3431	12950
812466873996607488	1802	7579
812503143955202048	1149	5745
812709060537683968	1356	6301
812781120811126785	1788	7163
813051746834595840	6872	19946
813066809284972545	1833	7547
813081950185472002	2603	9430
813096984823349248	3397	10045
813112105746448384	2574	9807
813127251579564032	2925	11231
813142292504645637	2248	8092
813157409116065792	2070	7388
813172488309972993	1810	8815
813187593374461952	4056	18858
813202720496779264	1707	8774
813217897535406080	6860	17712
813800681631023104	1652	7888
813812741911748608	13054	34672
813910438903693312	1737	8861
813944609378369540	2963	0
814153002265309185	8124	27296
814530161257443328	1743	8226
814638523311648768	2530	10706
814986499976527872	1189	7261
815390420867969024	3578	9835
815639385530101762	1557	7826
815736392542261248	2127	9320
815966073409433600	7885	21161
815990720817401858	946	4696
816014286006976512	4890	0
816091915477250048	1994	8487
816336735214911488	1808	8177
816450570814898180	7479	28748
816697700272001025	2061	9255
816816676327063552	1898	9485
816829038950027264	4399	0
817056546584727552	1523	8146
817120970343411712	2416	11558
817171292965273600	1874	8315
817181837579653120	7885	0
817415592588222464	892	5303
817423860136083457	13620	31914
817536400337801217	2737	11142
817777686764523521	2524	10235
817827839487737858	25172	48712
818145370475810820	2372	11631
818259473185828864	2091	10429
818536468981415936	2279	10289
818588835076603904	5706	0
818614493328580609	2358	9318
818627210458333184	7067	21255
819004803107983360	34592	82782
819006400881917954	17823	43081
819015331746349057	17823	0
819015337530290176	34592	0
819227688460238848	6253	21819
819347104292290561	1119	6851
819588359383371776	1871	9167
819711362133872643	2882	12621
819924195358416896	4553	12249
819952236453363712	1084	5025
820078625395449857	5803	18675
820314633777061888	523	3163
820446719150292993	2398	0
820690176645140481	3007	11601
820749716845686786	9238	29877
821044531881721856	2128	11973
821107785811234820	1977	9083
821149554670182400	1826	8120
821407182352777218	4000	11115
821522889702862852	1634	7583
821765923262631936	1557	7917
821813639212650496	3127	0
821886076407029760	2147	10691
822244816520155136	9245	33157
822462944365645825	13172	26343
822489057087389700	5962	17139
822610361945911296	2738	13989
822647212903690241	5962	0
822859134160621569	2114	12470
822872901745569793	39989	124239
822975315408461824	3202	16393
823269594223824897	9245	0
823322678127919110	3723	14846
823581115634085888	2449	12286
823699002998870016	2339	13225
823939628516474880	2542	10072
824297048279236611	3575	14248
824325613288833024	9902	11200
824663926340194305	1651	9947
824775126675836928	3282	14085
824796380199809024	5110	0
825026590719483904	1168	5918
825147591692263424	4192	17288
825535076884762624	16378	54011
825829644528148480	2339	12038
825876512159186944	1740	9933
826115272272650244	2878	14759
826204788643753985	857	4602
826240494070030336	2425	12543
826476773533745153	3898	17401
826598365270007810	2183	9462
826848821049180160	9363	34101
826958653328592898	4623	20352
827199976799354881	2065	10020
827324948884643840	2814	14968
827600520311402496	866	7068
827653905312006145	2802	14611
827933404142436356	4848	18893
828011680017821696	2003	9793
828046555563323392	2663	11077
828372645993398273	2730	11889
828376505180889089	996	6996
828381636999917570	2066	11897
828408677031882754	1190	7266
828409743546925057	1085	6051
828650029636317184	1245	8974
828708714936930305	10358	34322
828770345708580865	5411	24152
829011960981237760	15151	50364
829141528400556032	6790	22952
829449946868879360	1865	9900
829501995190984704	9803	29949
829861396166877184	1798	11550
829878982036299777	4623	0
830097400375152640	2710	9192
830583320585068544	15455	62580
830956169170665475	1380	7532
831262627380748289	1896	11193
831309418084069378	2275	11121
831315979191906304	1040	6186
831322785565769729	1448	8774
831552930092285952	2167	8473
831650051525054464	1792	6699
831670449226514432	1691	9810
831911600680497154	5998	25899
831939777352105988	5673	22508
832032802820481025	4314	16805
832040443403784192	8852	0
832215726631055365	8611	0
832273440279240704	2151	10674
832369877331693569	2933	16114
832397543355072512	2041	11262
832636094638288896	2574	14935
832757312314028032	3333	15889
832769181346996225	38	0
832998151111966721	2026	12469
833124694597443584	4457	19034
833479644947025920	1898	14047
833722901757046785	3009	19732
833826103416520705	3497	17112
833863086058651648	2218	12657
834086379323871233	2046	12271
834167344700198914	3374	14866
834209720923721728	4344	19307
834458053273591808	1554	9050
834574053763584002	2322	12846
834786237630337024	5124	20271
834931633769889797	1497	10130
835152434251116546	2770	21007
835172783151792128	5317	24629
835264098648616962	1551	7253
835297930240217089	2751	15472
835574547218894849	3310	16693
836001077879255040	3906	17939
836260088725786625	3990	20008
836380477523124226	2753	13937
836677758902222849	2030	11873
836753516572119041	4276	18171
836989968035819520	2123	11983
837110210464448512	2185	15099
837471256429613056	2068	12020
837482249356513284	409	3617
837820167694528512	7175	31907
838083903487373313	2855	16510
838476387338051585	4358	21029
838561493054533637	1234	10275
838916489579200512	31	0
838921590096166913	1861	10446
839239871831150596	5960	25291
839290600511926273	133	0
839549326359670784	7100	25641
839990271299457024	2077	12566
840268004936019968	5239	17950
840370681858686976	4193	15371
840632337062862849	1624	8448
840696689258311684	892	11512
841077006473256960	4900	21383
841314665196081154	4250	14781
841439858740625411	3345	11775
841680585030541313	7177	24086
841833993020538882	13620	0
842115215311396866	2766	13063
842163532590374912	5277	22786
842535590457499648	3192	16957
842765311967449089	1178	6309
842846295480000512	3320	14250
843235543001513987	5435	20013
843604394117681152	2487	15745
843856843873095681	4179	20004
844223788422217728	1994	12727
844580511645339650	2824	15321
844973813909606400	2865	13965
844979544864018432	2320	12703
845306882940190720	4875	21670
845397057150107648	1624	7102
845677943972139009	4395	23486
845812042753855489	7893	27095
846042936437604353	2598	14841
846153765933735936	8200	29168
846514051647705089	10419	41299
846874817362120707	3562	18659
847116187444137987	2888	19908
847157206088847362	5267	18408
847251039262605312	3929	19022
847606175596138505	3102	17383
847842811428974592	1194	5024
847962785489326080	4591	21775
847971574464610304	396	0
848212111729840128	2725	15066
848324959059550208	4173	22876
848690551926992896	3935	23298
849051919805034497	7655	39089
849336543269576704	1696	10583
849412302885593088	2840	14695
849776966551130114	6844	27971
850019790995546112	4389	18821
850145622816686080	3404	15077
850380195714523136	2336	12103
850753642995093505	8110	28210
851224888060895234	5183	19076
851464819735769094	6327	22305
851591660324737024	3137	14988
852189679701164033	1421	10588
852226086759018497	6109	18382
852311364735569921	8899	30405
852553447878664193	3128	14922
852672615818899456	1917	13672
852912242202992640	1603	8269
853299958564483072	3179	14195
853639147608842240	8901	31606
853760880890318849	5122	26134
854010172552949760	2801	14860
854120357044912130	6604	29283
854365224396361728	4166	17224
854482394044301312	6041	26636
854732716440526848	5369	20725
855459453768019968	7320	27141
855851453814013952	16156	41943
856282028240666624	5592	25287
856526610513747968	1657	10845
856543823941562368	2555	14857
857029823797047296	3499	17078
857263160327368704	3992	18276
857393404942143489	1444	5316
857746408056729600	9367	30862
857989990357356544	2271	14514
858107933456039936	2542	14259
858471635011153920	4270	19517
858843525470990336	3032	14146
859074603037188101	11987	30488
859196978902773760	26334	80677
859607811541651456	1368	16861
859851578198683649	3073	13988
859924526012018688	3592	17658
860184849394610176	5131	15041
860276583193509888	3082	16605
860524505164394496	4611	21290
860563773140209665	1859	6737
860924035999428608	679	0
861005113778896900	3344	15017
861288531465048066	3595	15368
861383897657036800	9282	32333
862096992088072192	20034	66394
862457590147678208	4267	18303
862722525377298433	3093	15351
862831371563274240	4466	17233
863062471531167744	2093	7539
863079547188785154	954	7914
863432100342583297	4565	21341
863553081350529029	3642	13700
863907417377173506	3597	18467
864197398364647424	7600	26673
864279568663928832	2589	13089
864873206498414592	7505	28893
865006731092295680	6686	25067
865359393868664832	4300	23639
865718153858494464	4861	22958
866334964761202691	12227	46667
866450705531457537	30257	108999
866686824827068416	2975	17147
867051520902168576	6797	28741
867072653475098625	101	0
867421006826221569	2119	14361
867774946302451713	6263	30314
867900495410671616	3579	21630
868552278524837888	1757	8981
868622495443632128	4484	23667
868880397819494401	12279	58047
869227993411051520	3202	18157
869596645499047938	2642	14231
869702957897576449	5392	25088
869772420881756160	8707	38066
870063196459192321	7086	32457
870308999962521604	3554	19502
870374049280663552	22774	74019
870656317836468226	2215	10899
870804317367881728	5290	29836
871032628920680449	3231	20175
871515927908634625	2947	17912
871762521631449091	2973	17903
871879754684805121	9260	33145
872122724285648897	6838	30260
872486979161796608	7727	36131
872620804844003328	3070	18349
872820683541237760	3170	13082
872967104147763200	4569	24105
873213775632977920	1333	6326
873580283840344065	3346	21404
874012996292530176	8603	30154
874057562936811520	3383	20140
874296783580663808	3488	22986
874680097055178752	3925	24627
875021211251597312	3980	22574
875144289856114688	4160	19426
875747767867523072	3585	22116
876120275196170240	3910	24710
876484053909872640	2005	16575
876838120628539392	2807	18238
877201837425926144	4639	23889
877316821321428993	4353	24177
877556246731214848	3174	19918
877611172832227328	70	0
877736472329191424	15842	69397
878057613040115712	5749	37175
878281511006478336	1079	6790
878776093423087618	3441	17150
879008229531029506	2246	16803
879050749262655488	3961	19829
879376492567855104	2655	14873
879415818425184262	37496	92961
879492040517615616	2630	20719
879862464715927552	2935	19727
880095782870896641	3658	24360
880221127280381952	3474	23687
880465832366813184	5221	25041
880872448815771648	3205	18724
880935762899988482	2336	15066
881268444196462592	4497	20503
881536004380872706	13419	43494
881666595344535552	8969	44590
881906580714921986	2858	21461
882045870035918850	4089	25755
882268110199369728	9649	39237
882627270321602560	5072	24621
882762694511734784	4106	24827
882992080364220416	3250	21002
883117836046086144	5543	32542
883360690899218434	3086	19967
883482846933004288	8279	40251
883838122936631299	2867	19197
884162670584377345	2509	17960
884441805382717440	4796	23887
884562892145688576	3918	21347
884876753390489601	4677	24415
884925521741709313	15046	67373
885167619883638784	3672	19274
885311592912609280	15455	0
885528943205470208	5336	31626
885984800019947520	5621	28636
886258384151887873	5298	24553
886366144734445568	2634	18562
886680336477933568	3742	19761
886736880519319552	2635	10505
886983233522544640	6326	30414
887101392804085760	4998	27007
887343217045368832	8819	29617
887473957103951883	15048	60242
887517139158093824	9863	40764
887705289381826560	4542	26652
888078434458587136	2901	19168
888554962724278272	2882	17340
888804989199671297	3544	22491
888917238123831296	3769	25664
889278841981685760	4449	22150
889531135344209921	1885	13358
889638837579907072	3720	23709
889665388333682689	8360	42095
889880896479866881	4174	24595
890006608113172480	6157	27067
890240255349198849	6108	27990
890609185150312448	3628	24555
890729181411237888	15776	56907
890971913173991426	1671	10380
891087950875897856	2603	17828
891327558926688256	7773	35348
891689557279858688	7234	36971
891815181378084864	3487	22077
892177421306343426	5304	29360
892420643555336193	7022	33856
