tweet_id	retweet_count	favorite_count
892420643555336193	7019	33851
892177421306343426	5303	29359
891815181378084864	3486	22079
891689557279858688	7232	36973
891327558926688256	7773	35347
891087950875897856	2603	17828
890971913173991426	1670	10380
890729181411237888	15773	56902
890609185150312448	3627	24551
890240255349198849	6107	27990
890006608113172480	6157	27065
889880896479866881	4173	24589
889665388333682689	8360	42092
889638837579907072	3720	23707
889531135344209921	1885	13358
889278841981685760	4449	22145
888917238123831296	3769	25659
888804989199671297	3543	22492
888554962724278272	2881	17337
888078434458587136	2901	19166
887705289381826560	4542	26655
887517139158093824	9860	40767
887473957103951883	15047	60247
887343217045368832	8817	29615
887101392804085760	4998	27007
886983233522544640	6325	30419
886736880519319552	2635	10508
886680336477933568	3743	19760
886366144734445568	2634	18564
886267009285017600	4	105
886258384151887873	5298	24552
886054160059072513	93	0
885984800019947520	5620	28637
885528943205470208	5335	31627
885518971528720385	3110	18029
885311592912609280	15451	0
885167619883638784	3672	19276
884925521741709313	15044	67370
884876753390489601	4677	24407
884562892145688576	3917	21343
884441805382717440	4795	23887
884247878851493888	16937	63377
884162670584377345	2509	17960
883838122936631299	2866	19196
883482846933004288	8279	40247
883360690899218434	3086	19967
883117836046086144	5542	32544
882992080364220416	3249	21002
882762694511734784	4104	24825
882627270321602560	5071	24604
882268110199369728	9648	39235
882045870035918850	4086	25754
881906580714921986	2857	21461
881666595344535552	8969	44588
881633300179243008	8	113
881536004380872706	13414	43494
881268444196462592	4497	20502
880935762899988482	2335	15067
880872448815771648	3204	18723
880465832366813184	5220	25045
880221127280381952	3473	23688
880095782870896641	3656	24361
879862464715927552	2933	19728
879674319642796034	9	282
879492040517615616	2630	20723
879415818425184262	37490	92963
879376492567855104	2654	14874
879130579576475649	5748	0
879050749262655488	3959	19828
879008229531029506	2246	16800
878776093423087618	3440	17147
878404777348136964	1079	0
878316110768087041	5534	0
878281511006478336	1079	6789
878057613040115712	5748	37178
877736472329191424	15838	69393
877611172832227328	70	0
877556246731214848	3174	19923
877316821321428993	4352	24180
877201837425926144	4637	23893
876838120628539392	2807	18236
876537666061221889	3976	21066
876484053909872640	2005	16582
876120275196170240	3909	24710
875747767867523072	3588	22133
875144289856114688	4160	19432
875097192612077568	5122	24269
875021211251597312	3980	22571
874680097055178752	3925	24626
874434818259525634	12226	0
874296783580663808	3487	22987
874057562936811520	3383	20134
874012996292530176	8603	30159
873580283840344065	3345	21405
873337748698140672	1333	0
873213775632977920	1333	6327
872967104147763200	4569	24107
872820683541237760	3170	13081
872620804844003328	3071	18346
872486979161796608	7726	36130
872122724285648897	6837	30263
871879754684805121	9260	33143
871762521631449091	2973	17905
871515927908634625	2946	17914
871166179821445120	4898	0
871102520638267392	4690	18567
871032628920680449	3230	20177
870804317367881728	5289	29832
870726314365509632	3	105
870656317836468226	2214	10899
870374049280663552	22770	74014
870308999962521604	3554	19498
870063196459192321	7083	32452
869772420881756160	8707	38067
869702957897576449	5391	25091
869596645499047938	2642	14230
869227993411051520	3202	18156
868880397819494401	12275	58045
868639477480148993	1757	0
868622495443632128	4482	23669
868552278524837888	1757	8980
867900495410671616	3579	21631
867774946302451713	6263	30310
867421006826221569	2119	14362
867072653475098625	101	0
867051520902168576	6795	28739
866720684873056260	4136	17894
866686824827068416	2975	17151
866450705531457537	30253	109001
866334964761202691	12226	46663
866094527597207552	7175	0
865718153858494464	4859	22957
865359393868664832	4299	23639
865006731092295680	6685	25066
864873206498414592	7503	28894
864279568663928832	2589	13087
864197398364647424	7599	26669
863907417377173506	3597	18468
863553081350529029	3641	13697
863471782782697472	2093	0
863432100342583297	4565	21339
863427515083354112	80	1962
863079547188785154	954	7915
863062471531167744	2093	7537
862831371563274240	4465	17232
862722525377298433	3093	15350
862457590147678208	4266	18301
862096992088072192	20031	66395
861383897657036800	9281	32329
861288531465048066	3595	15366
861005113778896900	3344	15014
860981674716409858	1859	0
860924035999428608	679	0
860563773140209665	1859	6736
860524505164394496	4611	21290
860276583193509888	3082	16605
860184849394610176	5131	15041
860177593139703809	26793	0
859924526012018688	3590	17658
859851578198683649	3073	13989
859607811541651456	1368	16861
859196978902773760	26330	80670
859074603037188101	11987	30486
858860390427611136	7100	0
858843525470990336	3032	14146
858471635011153920	4270	19512
858107933456039936	2542	14259
857989990357356544	2271	14511
857746408056729600	9367	30866
857393404942143489	1444	5317
857263160327368704	3992	18275
857214891891077121	16	204
857062103051644929	148	0
857029823797047296	3499	17078
856543823941562368	2553	14855
856526610513747968	1657	10842
856288084350160898	15	489
856282028240666624	5591	25289
855862651834028034	21	303
855860136149123072	853	4421
855857698524602368	1866	10871
855851453814013952	16156	41944
855818117272018944	4823	24313
855459453768019968	7320	27141
855245323840757760	5277	0
855138241867124737	36	0
854732716440526848	5366	20725
854482394044301312	6041	26635
854365224396361728	4166	17226
854120357044912130	6604	29280
854010172552949760	2801	14862
853760880890318849	5121	26130
853639147608842240	8897	31607
853299958564483072	3178	14196
852936405516943360	1792	0
852912242202992640	1602	8269
852672615818899456	1917	13669
852553447878664193	3128	14922
852311364735569921	8899	30404
852226086759018497	6107	18381
852189679701164033	1421	10585
851591660324737024	3134	14987
851464819735769094	6327	22304
851224888060895234	5183	19078
850753642995093505	8107	28209
850380195714523136	2336	12104
850333567704068097	301	3199
850145622816686080	3404	15076
850019790995546112	4388	18820
849776966551130114	6843	27967
849668094696017920	4458	0
849412302885593088	2840	14696
849336543269576704	1696	10581
849051919805034497	7652	39085
848690551926992896	3935	23311
848324959059550208	4172	22874
848213670039564288	647	7549
848212111729840128	2724	15062
847978865427394560	2931	0
847971574464610304	396	0
847962785489326080	4591	21774
847842811428974592	1193	5023
847617282490613760	376	6477
847606175596138505	3100	17382
847251039262605312	3929	19018
847157206088847362	5266	18407
847116187444137987	2886	19908
846874817362120707	3561	18656
846514051647705089	10416	41298
846505985330044928	2770	13101
846153765933735936	8197	29170
846139713627017216	9188	28870
846042936437604353	2598	14844
845812042753855489	7892	27095
845677943972139009	4396	23489
845397057150107648	1624	7101
845306882940190720	4875	21669
845098359547420673	6956	0
844979544864018432	2320	12703
844973813909606400	2865	13966
844580511645339650	2823	15319
844223788422217728	1994	12725
843981021012017153	2705	14153
843856843873095681	4179	20005
843604394117681152	2487	15745
843235543001513987	5434	20012
842846295480000512	3320	14246
842765311967449089	1178	6310
842535590457499648	3192	16957
842163532590374912	5277	22788
842115215311396866	2766	13063
841833993020538882	13618	0
841680585030541313	7177	24085
841439858740625411	3343	11773
841320156043304961	5035	18458
841314665196081154	4248	14780
841077006473256960	4898	21383
840761248237133825	1623	0
840728873075638272	14642	0
840698636975636481	2	165
840696689258311684	892	11508
840632337062862849	1623	8446
840370681858686976	4192	15372
840268004936019968	5238	17947
839990271299457024	2077	12566
839549326359670784	7100	25640
839290600511926273	133	0
839239871831150596	5960	25288
838952994649550848	3669	18412
838921590096166913	1859	10446
838916489579200512	31	0
838831947270979586	10068	0
838561493054533637	1234	10273
838476387338051585	4358	21030
838201503651401729	9237	0
838150277551247360	304	1572
838085839343206401	1	133
838083903487373313	2854	16510
837820167694528512	7175	31906
837482249356513284	409	3619
837471256429613056	2067	12017
837110210464448512	2185	15096
836989968035819520	2123	11981
836753516572119041	4276	18171
836677758902222849	2030	11871
836648853927522308	509	0
836397794269200385	25167	0
836380477523124226	2753	13935
836260088725786625	3990	20010
836001077879255040	3904	17937
835685285446955009	7450	0
835574547218894849	3310	16694
835536468978302976	1550	0
835309094223372289	19231	0
835297930240217089	2750	15470
835264098648616962	1550	7255
835246439529840640	63	1993
835172783151792128	5316	24629
835152434251116546	2769	21005
834931633769889797	1497	10130
834786237630337024	5123	20266
834574053763584002	2321	12841
834477809192075265	9801	0
834458053273591808	1554	9052
834209720923721728	4344	19302
834167344700198914	3373	14866
834089966724603904	1971	9468
834086379323871233	2045	12273
833863086058651648	2217	12656
833826103416520705	3497	17110
833732339549220864	205	0
833722901757046785	3007	19733
833479644947025920	1898	14047
833124694597443584	4458	19035
832998151111966721	2026	12466
832769181346996225	38	0
832757312314028032	3332	15888
832682457690300417	2670	11167
832645525019123713	485	2747
832636094638288896	2573	14940
832397543355072512	2041	11264
832369877331693569	2931	16114
832273440279240704	2151	10672
832215909146226688	5742	0
832215726631055365	8609	0
832088576586297345	2	59
832040443403784192	8851	0
832032802820481025	4313	16805
831939777352105988	5673	22512
831926988323639298	34	319
831911600680497154	5996	25899
831670449226514432	1691	9816
831650051525054464	1792	6698
831552930092285952	2167	8475
831322785565769729	1447	8771
831315979191906304	1040	6183
831309418084069378	2275	11116
831262627380748289	1896	11193
830956169170665475	1379	7531
830583320585068544	15451	62581
830173239259324417	5258	0
830097400375152640	2709	9192
829878982036299777	4622	0
829861396166877184	1798	11549
829501995190984704	9801	29946
829449946868879360	1865	9899
829141528400556032	6790	22951
829011960981237760	15149	50354
828801551087042563	3172	0
828770345708580865	5410	24148
828708714936930305	10356	34322
828650029636317184	1245	8974
828409743546925057	1083	6052
828408677031882754	1189	7266
828381636999917570	2066	11894
828376505180889089	996	6995
828372645993398273	2730	11888
828361771580813312	165	2074
828046555563323392	2663	11077
828011680017821696	2001	9793
827933404142436356	4848	18888
827653905312006145	2800	14609
827600520311402496	866	7067
827324948884643840	2813	14969
827199976799354881	2065	10019
826958653328592898	4622	20351
826848821049180160	9361	34097
826615380357632002	3689	0
826598799820865537	230	4867
826598365270007810	2183	9463
826476773533745153	3897	17401
826240494070030336	2424	12545
826204788643753985	857	4603
826115272272650244	2877	14758
825876512159186944	1740	9931
825829644528148480	2338	12035
825535076884762624	16375	54029
825147591692263424	4191	17287
825120256414846976	1168	0
825026590719483904	1168	5917
824796380199809024	5109	0
824775126675836928	3280	14081
824663926340194305	1650	9946
824325613288833024	9901	11200
824297048279236611	3574	14243
824025158776213504	558	4584
823939628516474880	2542	10073
823719002937630720	10379	0
823699002998870016	2336	13226
823581115634085888	2448	12285
823333489516937216	22	662
823322678127919110	3724	14846
823269594223824897	9245	0
822975315408461824	3202	16394
822872901745569793	39979	124222
822859134160621569	2113	12472
822647212903690241	5962	0
822610361945911296	2738	13993
822489057087389700	5962	17140
822462944365645825	13172	26350
822244816520155136	9245	33156
822163064745328640	4392	0
821886076407029760	2147	10690
821813639212650496	3127	0
821765923262631936	1557	7916
821522889702862852	1634	7583
821421320206483457	5133	0
821407182352777218	4000	11116
821153421864615936	9	236
821149554670182400	1826	8120
821107785811234820	1977	9081
821044531881721856	2128	11971
820837357901512704	6253	0
820749716845686786	9237	29874
820690176645140481	3007	11599
820494788566847489	523	0
820446719150292993	2398	0
820314633777061888	523	3163
820078625395449857	5802	18677
820013781606658049	1083	0
819952236453363712	1083	5024
819924195358416896	4552	12247
819711362133872643	2881	12638
819588359383371776	1871	9166
819347104292290561	1119	6853
819238181065359361	379	2141
819227688460238848	6253	21822
819015337530290176	34585	0
819015331746349057	17821	0
819006400881917954	17821	43084
819004803107983360	34585	82771
818646164899774465	19477	0
818627210458333184	7066	21254
818614493328580609	2357	9318
818588835076603904	5705	0
818536468981415936	2279	10289
818307523543449600	7476	0
818259473185828864	2091	10429
818145370475810820	2372	11631
817908911860748288	741	4611
817827839487737858	25167	48699
817777686764523521	2524	10236
817536400337801217	2735	11141
817502432452313088	3146	0
817423860136083457	13618	31908
817415592588222464	891	5303
817181837579653120	7885	0
817171292965273600	1874	8316
817120970343411712	2415	11558
817056546584727552	1522	8148
816829038950027264	4399	0
816816676327063552	1898	9489
816697700272001025	2061	9257
816450570814898180	7476	28750
816336735214911488	1807	8175
816091915477250048	1993	8489
816062466425819140	946	0
816014286006976512	4890	0
815990720817401858	946	4695
815966073409433600	7885	21158
815745968457060357	3865	0
815736392542261248	2125	9320
815639385530101762	1557	7828
815390420867969024	3576	9813
814986499976527872	1188	7263
814638523311648768	2529	10706
814578408554463233	5468	0
814530161257443328	1743	8225
814153002265309185	8121	27297
813944609378369540	2962	0
813910438903693312	1736	8864
813812741911748608	13051	34673
813800681631023104	1651	7889
813217897535406080	6858	17713
813202720496779264	1707	8777
813187593374461952	4054	18856
813172488309972993	1809	8816
813157409116065792	2069	7389
813142292504645637	2247	8094
813130366689148928	421	4266
813127251579564032	2926	11231
813112105746448384	2574	9808
813096984823349248	3396	10046
813081950185472002	2602	9429
813066809284972545	1833	7550
813051746834595840	6871	19946
812781120811126785	1788	7162
812709060537683968	1356	6300
812503143955202048	1149	5746
812466873996607488	1802	7581
812372279581671427	3429	12953
811985624773361665	1312	6921
811744202451197953	1481	7167
811647686436880384	684	5324
811627233043480576	2858	12091
811386762094317568	5994	19899
810984652412424192	1336	5063
810896069567610880	1647	8556
810657578271330305	2474	10444
810284430598270976	10512	33343
810254108431155201	3172	13996
809920764300447744	3689	14800
809808892968534016	4589	0
809448704142938112	1373	6617
809220051211603969	5258	18918
809084759137812480	3310	12590
808838249661788160	2870	9655
808733504066486276	2035	7519
808501579447930884	2457	10772
808344865868283904	19477	40269
808134635716833280	5530	0
808106460588765185	2073	8401
808001312164028416	3320	11868
807621403335917568	3397	13877
807106840509214720	51749	111812
807059379405148160	6906	0
807010152071229440	3640	12498
806629075125202948	32440	70706
806620845233815552	5152	0
806576416489959424	1827	4666
806542213899489280	2222	9750
806242860592926720	10903	0
806219024703037440	1134	6145
805958939288408065	5025	0
805932879469572096	1805	7898
805826884734976000	1719	6248
805823200554876929	7494	0
805520635690676224	1553	5491
805487436403003392	2383	8361
805207613751304193	1629	7492
804738756058218496	3605	13003
804475857670639616	1893	5852
804413760345620481	3016	0
804026241225523202	15084	42138
803773340896923648	2592	9575
803692223237865472	6939	0
803638050916102144	3890	10394
803380650405482500	1774	7410
803321560782307329	4968	0
803276597545603072	2303	9569
802952499103731712	1878	8589
802624713319034886	2732	0
802600418706604034	1386	6775
802572683846291456	2362	8530
802323869084381190	5492	15360
802265048156610565	1301	6631
802239329049477120	2465	8665
802185808107208704	251	0
801958328846974976	1599	7375
801854953262350336	219	1725
801538201127157760	1957	7831
801285448605831168	774	5750
801167903437357056	5530	23218
801127390143516673	3710	0
801115127852503040	1986	7685
800859414831898624	91	647
800855607700029440	1520	0
800751577355128832	2640	10104
800513324630806528	2835	12516
800459316964663297	2064	9058
800443802682937345	4033	0
800388270626521089	2639	10636
800188575492947969	3699	0
800141422401830912	2398	14535
800018252395122689	12346	26946
799774291445383169	4378	0
799757965289017345	2006	7986
799422933579902976	1803	7696
799308762079035393	5096	0
799297110730567681	2570	9404
799063482566066176	2345	7705
798933969379225600	4163	12442
798925684722855936	1363	7168
798705661114773508	6232	0
798701998996647937	7264	0
798697898615730177	6113	0
798694562394996736	4651	0
798686750113755136	2184	0
798682547630837760	4438	0
798673117451325440	5231	0
798665375516884993	3683	0
798644042770751489	1748	0
798628517273620480	1867	0
798585098161549313	5288	0
798576900688019456	5494	0
798340744599797760	3147	0
798209839306514432	2425	9938
797971864723324932	2894	10970
797545162159308800	4626	13900
797236660651966464	6175	18963
797165961484890113	24	214
796904159865868288	8368	0
796865951799083009	1831	7325
796759840936919040	2842	11222
796563435802726400	6759	0
796484825502875648	1656	7200
796387464403357696	3899	10476
796177847564038144	13401	0
796149749086875649	13401	30575
796125600683540480	1688	4741
796116448414461957	2257	8660
796080075804475393	2172	8034
796031486298386433	3511	10291
795464331001561088	22018	46866
795400264262053889	2690	9533
795076730285391872	5109	15362
794983741416415232	3168	0
794926597468000259	2165	9701
794355576146903043	9682	0
794332329137291264	2543	9151
794205286408003585	3119	8783
793962221541933056	4589	15935
793845145112371200	1752	8785
793614319594401792	2934	0
793601777308463104	1522	7592
793500921481273345	2238	10145
793286476301799424	8609	23381
793271401113350145	2254	8261
793256262322548741	7822	18965
793241302385262592	3085	10010
793226087023144960	2726	9295
793210959003287553	2614	8489
793195938047070209	5286	14474
793180763617361921	1871	6560
793165685325201412	2633	8916
793150605191548928	1599	5859
793135492858580992	2366	6094
793120401413079041	3696	12047
792913359805018113	3721	13621
792883833364439040	4013	10731
792773781206999040	1575	7003
792394556390137856	4022	12736
792050063153438720	1674	6788
791821351946420224	19754	0
791784077045166082	8924	0
791780927877898241	3565	0
791774931465953280	20810	42833
791672322847637504	2934	11169
791406955684368384	3865	12507
791312159183634433	2371	8329
791026214425268224	3825	0
790987426131050500	1993	9321
790946055508652032	4399	15889
790723298204217344	2150	0
790698755171364864	1812	7814
790581949425475584	6664	19607
790337589677002753	1771	7431
790277117346975746	2962	11925
790227638568808452	3319	0
789986466051088384	2150	8818
789960241177853952	3845	0
789903600034189313	3890	9804
789628658055020548	1653	7086
789599242079838210	1798	6396
789530877013393408	3168	11101
789314372632018944	2143	8208
789280767834746880	4598	0
789268448748703744	2451	8677
789137962068021249	2612	9238
788908386943430656	11731	26108
788765914992902144	9682	25955
788552643979468800	6677	0
788412144018661376	4939	14750
788178268662984705	1983	6910
788150585577050112	1204	5808
788070120937619456	3221	0
788039637453406209	1233	5804
787810552592695296	2847	8164
787717603741622272	2589	9718
787397959788929025	2672	10347
787322443945877504	1630	7412
787111942498508800	6306	0
786963064373534720	7450	25321
786729988674449408	2279	0
786709082849828864	5742	17386
786664955043049472	2368	10063
786595970293370880	2927	8996
786363235746385920	3227	10297
786286427768250368	2653	7574
786233965241827333	4392	14433
786051337297522688	149	1356
786036967502913536	6511	0
785927819176054784	2994	10832
785872687017132033	1675	6353
785639753186217984	2106	7468
785533386513321988	1844	8603
785515384317313025	1167	5806
785264754247995392	1522	6914
785170936622350336	4508	11396
784826020293709826	3016	9589
784517518371221505	2371	8508
784431430411685888	1184	5450
784183165795655680	7494	18994
784057939640352768	10379	28146
783839966405230592	10068	28427
783821107061198850	1832	6997
783695101801398276	2997	9890
783466772167098368	2078	7993
783391753726550016	5103	16018
783347506784731136	5159	0
783334639985389568	10903	27542
783085703974514689	2024	7743
782969140009107456	6906	22855
782747134529531904	1320	7081
782722598790725632	5025	16327
782598640137187329	1769	7391
782305867769217024	5133	15741
782021823840026624	5751	0
781955203444699136	3146	10583
781661882474196992	2529	9891
781655249211752448	1056	3792
781524693396357120	5152	19616
781308096455073793	2386	6758
781251288990355457	1932	7930
781163403222056960	2585	9290
780931614150983680	6759	20508
780858289093574656	1869	6814
780800785462489090	1203	5201
780601303617732608	3127	11445
780543529827336192	1629	5960
780496263422808064	3431	0
780476555013349377	103	0
780459368902959104	1005	5005
780192070812196864	2092	8225
780092040432480260	2143	0
780074436359819264	4583	11449
779834332596887552	6511	17789
779377524342161408	2894	8271
779124354206535695	17053	0
779056095788752897	4220	13927
778990705243029504	6665	18784
778774459159379968	9173	0
778764940568104960	338	823
778748913645780993	1209	6471
778650543019483137	1394	5428
778624900596654080	943	4346
778408200802557953	4014	12888
778396591732486144	11357	0
778383385161035776	1020	5517
778286810187399168	3066	9754
778039087836069888	2469	7998
778027034220126208	1494	6202
777953400541634568	3275	0
777885040357281792	1517	6000
777684233540206592	2732	10640
777641927919427584	3930	0
777621514455814149	2346	8233
777189768882946048	3993	13359
776819012571455488	12632	0
776813020089548800	1118	4615
776249906839351296	8481	0
776218204058357768	14758	28139
776201521193218049	2338	9037
776113305656188928	4033	11134
776088319444877312	141	1717
775898661951791106	15565	0
775842724423557120	2468	11049
775733305207554048	3710	13103
775729183532220416	4283	12283
775364825476165632	2722	6959
775350846108426240	3632	9595
775085132600442880	4378	14650
774757898236878852	1656	8142
774639387460112384	1616	6369
774314403806253056	5096	20568
773985732834758656	3591	10178
773922284943896577	1630	6069
773704687002451968	1499	6247
773670353721753600	1226	5060
773547596996571136	5705	20852
773336787167145985	4681	0
773308824254029826	6956	22012
773247561583001600	3011	8894
773191612633579521	3811	9413
772877495989305348	3584	8059
772826264096874500	2214	7577
772615324260794368	3127	0
772581559778025472	1588	6120
772193107915964416	1291	5688
772152991789019136	1055	3598
772117678702071809	688	3560
772114945936949249	440	2587
772102971039580160	866	3778
771908950375665664	1759	6196
771770456517009408	3147	11303
771500966810099713	2426	7787
771380798096281600	4681	9933
771171053431250945	6909	0
771136648247640064	2716	8625
771102124360998913	1338	5875
771014301343748096	1538	6494
770787852854652928	1107	4625
770772759874076672	1328	4898
770655142660169732	1670	6936
770414278348247044	1930	5956
770293558247038976	1357	5859
770093767776997377	2819	0
770069151037685760	2129	7160
769940425801170949	8851	29338
769695466921623552	1565	6055
769335591808995329	7142	0
769212283578875904	1601	5087
768970937022709760	6012	13427
768909767477751808	2449	0
768855141948723200	828	3942
768609597686943744	1100	3866
768596291618299904	1192	4740
768554158521745409	5393	0
768473857036525572	3164	12787
768193404517830656	3275	10208
767884188863397888	1268	4480
767754930266464257	4968	15009
767500508068192258	2155	7067
767191397493538821	3482	11552
767122157629476866	2653	9572
766793450729734144	1260	4761
766714921925144576	348	2464
766693177336135680	730	3802
766423258543644672	1460	5650
766313316352462849	1738	6356
766078092750233600	2432	0
766069199026450432	779	3955
766008592277377025	461	3547
765719909049503744	1999	6818
765669560888528897	1134	4864
765395769549590528	3120	25154
765371061932261376	2010	6689
765222098633691136	3127	10943
764857477905154048	1654	6093
764259802650378240	1396	5657
763956972077010945	50	734
763837565564780549	3825	11784
763183847194451968	1364	5068
763167063695355904	2759	0
763103485927849985	2127	6949
762699858130116608	3319	11383
762471784394268675	5930	10534
762464539388485633	3845	9664
762316489655476224	1030	4509
762035686371364864	14326	29867
761976711479193600	1833	5058
761750502866649088	3598	0
761745352076779520	796	4031
761672994376806400	26793	46351
761599872357261312	1102	3891
761371037149827077	16688	0
761334018830917632	1342	4840
761292947749015552	1003	4202
761227390836215808	1451	5014
761004547850530816	3221	10661
760893934457552897	891	3581
760656994973933572	1754	6192
760641137271070720	1193	4690
760539183865880579	3353	7094
760521673607086080	1289	3934
760290219849637889	10583	25132
760252756032651264	798	3715
760190180481531904	1655	5364
760153949710192640	28	0
759943073749200896	1937	5544
759846353224826880	1801	6300
759793422261743616	1766	5596
759557299618865152	1106	4410
759447681597108224	2279	7955
759446261539934208	453	1564
759197388317847553	1804	5711
759159934323924993	1068	0
759099523532779520	3831	13651
759047813560868866	1852	6086
758854675097526272	843	3332
758828659922702336	3565	10499
758740312047005698	1500	5388
758474966123810816	918	3568
758467244762497024	2032	4483
758405701903519748	1768	4888
758355060040593408	969	3165
758099635764359168	9173	17762
758041019896193024	341	2538
757741869644341248	3033	6435
757729163776290825	7222	0
757725642876129280	1114	4260
757611664640446465	1011	4301
757597904299253760	278	0
757596066325864448	960	4080
757400162377592832	6334	14164
757393109802180609	1580	5458
757354760399941633	1302	4221
756998049151549440	1837	5886
756939218950160384	1845	6233
756651752796094464	1193	4714
756526248105566208	3309	9729
756303284449767430	1008	3712
756288534030475264	16346	41265
756275833623502848	1409	5989
755955933503782912	2637	6839
755206590534418437	4924	15334
755110668769038337	10207	19786
754874841593970688	7260	0
754856583969079297	2315	6461
754747087846248448	478	2424
754482103782404096	1798	4943
754449512966619136	673	3511
754120377874386944	2164	7409
753655901052166144	2001	5467
753420520834629632	3245	7364
753398408988139520	1739	5368
753375668877008896	2143	7159
753298634498793472	5221	0
753294487569522689	962	3132
753039830821511168	19231	34648
753026973505581056	879	3664
752932432744185856	6306	11781
752917284578922496	1445	6517
752701944171524096	2626	0
752682090207055872	1463	5618
752660715232722944	1427	4086
752568224206688256	2095	5120
752519690950500352	3162	6877
752334515931054080	1012	3603
752309394570878976	14927	0
752173152931807232	1675	5561
751950017322246144	833	2856
751937170840121344	1202	4845
751830394383790080	1792	5449
751793661361422336	2625	5407
751598357617971201	2838	7427
751583847268179968	1006	4104
751538714308972544	1149	4735
751456908746354688	926	3019
751251247299190784	5400	11755
751205363882532864	1668	5918
751132876104687617	1188	4736
750868782890057730	1253	4474
750719632563142656	4598	12281
750506206503038976	1056	4149
750429297815552001	3930	12323
750383411068534784	1043	4274
750381685133418496	27	670
750147208377409536	877	2921
750132105863102464	1186	3381
750117059602808832	1215	4065
750101899009982464	777	2853
750086836815486976	493	2029
750071704093859840	3039	7271
750056684286914561	822	2961
750041628174217216	568	2972
750026558547456000	722	2536
750011400160841729	822	3020
749996283729883136	759	2841
749981277374128128	2281	4790
749774190421639168	1215	4361
749417653287129088	1518	5704
749403093750648834	493	2448
749395845976588288	3163	7977
749317047558017024	2055	5109
749075273010798592	1894	5380
749064354620928000	1410	4511
749036806121881602	732	2887
748977405889503236	3139	10052
748932637671223296	2065	5424
748705597323898880	879	2590
748699167502000129	1460	4424
748692773788876800	1230	3963
748575535303884801	1817	5648
748568946752774144	611	2054
748346686624440324	1126	4869
748337862848962560	3744	7080
748324050481647620	696	3463
748307329658011649	656	3450
748220828303695873	7134	13161
747963614829678593	1963	5395
747933425676525569	2365	6186
747885874273214464	882	2728
747844099428986880	677	2635
747816857231626240	1062	4509
747651430853525504	144	1275
747648653817413632	5344	12001
747600769478692864	523	2174
747594051852075008	952	3432
747512671126323200	1480	5145
747461612269887489	951	3607
747439450712596480	1753	5047
747242308580548608	2643	0
747219827526344708	1446	4903
747204161125646336	833	3133
747103485104099331	3637	8906
746906459439529985	271	2729
746872823977771008	1953	5588
746818907684614144	1601	4958
746790600704425984	1468	4529
746757706116112384	3565	8871
746726898085036033	1643	5643
746542875601690625	1749	4701
746521445350707200	901	0
746507379341139972	991	4348
746369468511756288	1493	5779
746131877086527488	2008	6411
746056683365994496	743	3329
745789745784041472	967	3682
745712589599014916	2136	6520
745433870967832576	2315	6554
745422732645535745	2209	7960
745314880350101504	2488	6618
745074613265149952	3191	7291
745057283344719872	2058	6771
744995568523612160	570	2752
744971049620602880	2454	7319
744709971296780288	1444	5236
744334592493166593	1940	6348
744234799360020481	70842	145042
744223424764059648	327	1536
743980027717509120	1006	3904
743895849529389061	881	3412
743835915802583040	1877	0
743609206067040256	1271	4168
743595368194129920	5975	17001
743545585370791937	864	3289
743510151680958465	3425	7423
743253157753532416	1125	3935
743222593470234624	1745	5745
743210557239623680	1239	3562
742534281772302336	3287	6573
742528092657332225	1797	4115
742465774154047488	3613	6767
742423170473463808	3431	9118
742385895052087300	1781	6304
742161199639494656	1249	4011
742150209887731712	1405	4727
741793263812808706	1388	4222
741743634094141440	2509	7562
741438259667034112	749	3424
741303864243200000	2933	8150
741099773336379392	5035	9256
741067306818797568	2819	8881
740995100998766593	2478	5844
740711788199743490	866	3155
740699697422163968	710	2653
740676976021798912	6232	16869
740373189193256964	12157	32630
740365076218183684	390	2256
740359016048689152	798	3053
740214038584557568	1792	6196
739979191639244800	5393	18548
739932936087216128	988	3766
739844404073074688	792	3537
739623569819336705	1242	3503
739606147276148736	1497	5005
739544079319588864	19309	36537
739485634323156992	2648	6610
739238157791694849	52966	107350
738891149612572673	6	91
738885046782832640	1048	3506
738883359779196928	724	3054
738537504001953792	1402	4713
738402415918125056	744	3020
738184450748633089	1111	3986
738166403467907072	3047	8098
738156290900254721	587	2294
737826014890496000	1613	4845
737800304142471168	3179	9289
737678689543020544	1204	4642
737445876994609152	4076	9477
737322739594330112	737	3331
737310737551491075	6766	13562
736736130620620800	1547	3896
736392552031657984	6677	16381
736365877722001409	1119	3686
736225175608430592	2552	7509
736010884653420544	2713	7271
735991953473572864	1038	3304
735648611367784448	1018	3743
735635087207878657	2150	5683
735274964362878976	4558	12066
735256018284875776	804	3077
735137028879360001	887	2886
734912297295085568	472	2550
734787690684657664	5772	11597
734776360183431168	490	2329
734559631394082816	356	1378
733828123016450049	718	3312
733822306246479872	932	3394
733482008106668032	856	2885
733460102733135873	1142	3877
733109485275860992	15565	49445
732732193018155009	484	2236
732726085725589504	801	3301
732585889486888962	713	3369
732375214819057664	2291	7452
732005617171337216	4890	13729
731285275100512256	904	3227
731156023742988288	1146	3555
730924654643314689	1796	5660
730573383004487680	1921	4485
730427201120833536	943	3210
730211855403241472	960	3510
730196704625098752	1713	4453
729854734790754305	1020	3722
729838605770891264	339	1606
729823566028484608	1129	3666
729463711119904772	2101	5338
729113531270991872	288	1747
728986383096946689	742	2900
728760639972315136	1549	4309
728751179681943552	619	2555
728653952833728512	952	3068
728409960103686147	1829	4512
728387165835677696	880	3433
728046963732717569	1086	3950
728035342121635841	1516	4175
728015554473250816	993	3802
727685679342333952	577	2738
727644517743104000	1595	5408
727524757080539137	1092	4127
727314416056803329	673	3074
727286334147182592	748	2836
727175381690781696	1248	3606
727155742655025152	1202	3338
726935089318363137	2216	6326
726887082820554753	1374	3538
726828223124897792	922	3316
726224900189511680	1045	4093
725842289046749185	2432	6543
725786712245440512	1252	3860
725729321944506368	1613	4810
725458796924002305	558	1308
724983749226668032	1173	3453
724771698126512129	570	2164
724405726123311104	1517	4886
724049859469295616	1626	3992
724046343203856385	513	2463
724004602748780546	1397	3843
723912936180330496	1131	3603
723688335806480385	2653	7064
723673163800948736	816	2797
723179728551723008	1697	4879
722974582966214656	1444	3780
722613351520608256	1496	4602
721503162398597120	1650	4249
721001180231503872	552	2352
720785406564900865	700	2867
720775346191278080	573	2263
720415127506415616	1369	3810
720389942216527872	2271	5887
720340705894408192	882	2632
720059472081784833	1023	3571
720043174954147842	1824	4591
719991154352222208	1600	4495
719704490224398336	1303	4191
719551379208073216	1719	4665
719367763014393856	692	2609
719339463458033665	1124	4119
719332531645071360	861	3187
718971898235854848	986	3219
718939241951195136	1590	4821
718631497683582976	7264	17420
718613305783398402	431	2264
718540630683709445	927	2247
718460005985447936	482	2515
718454725339934721	1385	4522
718246886998687744	448	1765
718234618122661888	916	3580
717841801130979328	545	2280
717790033953034240	992	2639
717537687239008257	1667	5340
717428917016076293	408	1481
717421804990701568	761	2900
717047459982213120	1748	5823
717009362452090881	873	2987
716802964044845056	1053	3973
716791146589110272	1461	7762
716730379797970944	397	1139
716447146686459905	5335	12055
716439118184652801	191	2204
716285507865542656	969	2565
716080869887381504	1714	6271
715928423106027520	796	2939
715758151270801409	1295	3429
715733265223708672	1538	4305
715704790270025728	515	2569
715696743237730304	1171	3624
715680795826982913	1452	3985
715360349751484417	1415	5053
715342466308784130	627	2801
715220193576927233	592	2225
715200624753819648	1692	4764
715009755312439296	1108	3831
714982300363173890	937	3444
714962719905021952	3851	6771
714957620017307648	1286	3827
714631576617938945	902	3020
714606013974974464	834	3359
714485234495041536	1013	2463
714258258790387713	673	2832
714251586676113411	765	3035
714214115368108032	802	2123
714141408463036416	1286	4016
713919462244790272	725	3053
713909862279876608	487	1756
713900603437621249	666	2630
713761197720473600	1245	4477
713411074226274305	1192	4105
713177543487135744	2604	6671
713175907180089344	1339	4102
712809025985978368	6113	17614
712717840512598017	4526	11366
712668654853337088	1104	3842
712438159032893441	1424	4924
712309440758808576	24	222
712097430750289920	942	3478
712092745624633345	815	2720
712085617388212225	440	3028
712065007010385924	570	2081
711998809858043904	122	0
711968124745228288	2100	7441
711743778164514816	913	2630
711732680602345472	3707	8118
711694788429553666	16688	30362
711652651650457602	823	3561
711363825979756544	1021	3334
711306686208872448	681	3064
711008018775851008	560	2755
710997087345876993	1270	4229
710844581445812225	615	2358
710833117892898816	477	2477
710658690886586372	515	2147
710609963652087808	2166	4450
710588934686908417	1702	4189
710296729921429505	672	2210
710283270106132480	482	2003
710272297844797440	1147	4155
710269109699739648	1019	2205
710153181850935296	816	2693
710140971284037632	807	2528
710117014656950272	1787	5047
709918798883774466	998	3240
709901256215666688	92	609
709852847387627521	1094	3245
709566166965075968	1079	3266
709556954897764353	977	3030
709519240576036864	219	1390
709449600415961088	520	2029
709409458133323776	619	2433
709225125749587968	523	2217
709207347839836162	5208	11464
709198395643068416	591	2276
709179584944730112	612	1861
709158332880297985	368	1882
709042156699303936	1486	4354
708853462201716736	595	1672
708845821941387268	807	2749
708834316713893888	454	1556
708810915978854401	6280	15270
708738143638450176	744	2550
708711088997666817	644	2347
708479650088034305	620	2349
708469915515297792	733	2864
708400866336894977	9109	14716
708356463048204288	1204	3313
708349470027751425	679	2194
708149363256774660	1416	3997
708130923141795840	786	3109
708119489313951744	900	2490
708109389455101952	503	1808
708026248782585858	1755	4077
707995814724026368	1018	2881
707983188426153984	2	45
707969809498152960	870	2495
707776935007539200	875	3018
707741517457260545	558	2297
707738799544082433	2211	3744
707693576495472641	920	3136
707629649552134146	788	2362
707610948723478529	5750	15658
707420581654872064	637	2075
707411934438625280	548	2122
707387676719185920	1152	3230
707377100785885184	979	3021
707315916783140866	583	2291
707297311098011648	713	2589
707059547140169728	620	2409
707038192327901184	721	2024
707021089608753152	1229	3745
707014260413456384	546	2121
706904523814649856	7142	13483
706901761596989440	528	1892
706681918348251136	896	3034
706644897839910912	990	2357
706593038911545345	582	1993
706538006853918722	1303	3206
706516534877929472	935	2882
706346369204748288	845	3185
706310011488698368	7169	19603
706291001778950144	439	1574
706265994973601792	852	2525
706169069255446529	2008	3603
706166467411222528	1460	4754
706153300320784384	346	1366
705975130514706432	667	2869
705970349788291072	801	2937
705898680587526145	498	2195
705786532653883392	469	1802
705591895322394625	1037	2926
705475953783398401	833	2754
705442520700944385	1466	4082
705428427625635840	1528	3529
705239209544720384	679	2780
705223444686888960	717	2385
705102439679201280	476	1970
705066031337840642	556	2021
704871453724954624	1019	3972
704859558691414016	477	2077
704847917308362754	1373	4720
704819833553219584	900	2457
704761120771465216	2643	6156
704499785726889984	908	2671
704491224099647488	71	691
704480331685040129	983	3158
704364645503647744	3242	7370
704347321748819968	314	1450
704134088924532736	413	1391
704113298707505153	521	1720
704054845121142784	845	2702
703774238772166656	406	1713
703769065844768768	1025	3023
703631701117943808	602	2371
703611486317502464	1386	3555
703425003149250560	1225	3510
703407252292673536	624	2264
703382836347330562	1036	3232
703356393781329922	347	1773
703268521220972544	495	1832
703079050210877440	2811	6838
703041949650034688	11357	24399
702932127499816960	655	2377
702899151802126337	413	1490
702684942141153280	968	2996
702671118226825216	509	2024
702598099714314240	3146	11364
702539513671897089	876	2661
702332542343577600	1389	2941
702321140488925184	957	3040
702276748847800320	696	2289
702217446468493312	1229	4408
701981390485725185	894	3173
701952816642965504	934	3552
701889187134500865	1261	3256
701805642395348998	1514	3132
701601587219795968	417	1931
701570477911896070	842	2588
701545186879471618	552	2460
701214700881756160	4651	11310
700890391244103680	512	2050
700864154249383937	562	2409
700847567345688576	453	2286
700796979434098688	864	2264
700747788515020802	8481	21081
700518061187723268	723	2407
700505138482569216	524	2118
700462010979500032	1630	3792
700167517596164096	659	2441
700151421916807169	611	2062
700143752053182464	2449	6948
700062718104104960	616	2455
700029284593901568	532	1922
700002074055016451	1207	3041
699801817392291840	852	2782
699788877217865730	472	2070
699779630832685056	1114	2515
699775878809702401	543	1814
699691744225525762	4172	9500
699446877801091073	2405	5530
699434518667751424	468	2035
699423671849451520	290	1253
699413908797464576	574	1935
699370870310113280	395	1757
699323444782047232	785	2913
699088579889332224	570	2092
699079609774645248	577	2264
699072405256409088	1084	2724
699060279947165696	1630	3443
699036661657767936	1094	2414
698989035503689728	880	3091
698953797952008193	833	2495
698907974262222848	556	2345
698710712454139905	621	2279
698703483621523456	338	1333
698635131305795584	315	1198
698549713696649216	561	2151
698355670425473025	398	1709
698342080612007937	873	2083
698262614669991936	1802	4419
698195409219559425	5468	15561
698178924120031232	678	2599
697995514407682048	307	1420
697990423684476929	1176	3030
697943111201378304	618	2209
697881462549430272	1060	2795
697630435728322560	499	1606
697616773278015490	926	2902
697596423848730625	1139	2791
697575480820686848	456	1896
697516214579523584	997	1882
697482927769255936	608	2247
697463031882764288	1277	3181
697270446429966336	1724	4363
697259378236399616	909	3049
697255105972801536	1059	2855
697242256848379904	618	2337
696900204696625153	942	2928
696894894812565505	622	2179
696886256886657024	1634	4464
696877980375769088	644	2270
696754882863349760	329	1374
696744641916489729	839	1902
696713835009417216	588	2185
696518437233913856	1574	3650
696490539101908992	127	1136
696488710901260288	930	2320
696405997980676096	1056	2940
696100768806522880	588	1786
695816827381944320	1058	2773
695794761660297217	710	2924
695767669421768709	666	1712
695629776980148225	1900	4217
695446424020918272	1660	4103
695409464418041856	3264	8019
695314793360662529	1306	3355
695095422348574720	552	2472
695074328191332352	999	2624
695064344191721472	530	1482
695051054296211456	719	2443
694925794720792577	826	2505
694905863685980160	842	2547
694669722378485760	13127	33124
694356675654983680	251	1389
694352839993344000	546	1886
694329668942569472	451	1831
694206574471057408	1864	3830
694183373896572928	844	2721
694001791655137281	927	3151
693993230313091072	361	1743
693942351086120961	331	1630
693647888581312512	523	2487
693644216740769793	115	1268
693642232151285760	379	2363
693629975228977152	723	2270
693622659251335168	339	1420
693590843962331137	1787	4670
693582294167244802	223	1525
693486665285931008	572	1633
693280720173801472	1127	3097
693267061318012928	735	2206
693262851218264065	452	2053
693231807727280129	674	2669
693155686491000832	2912	7282
693109034023534592	552	1570
693095443459342336	406	1712
692919143163629568	700	2512
692905862751522816	792	2249
692901601640583168	541	1623
692894228850999298	720	2091
692828166163931137	801	2669
692752401762250755	3318	6300
692568918515392513	1399	4044
692535307825213440	1241	2915
692530551048294401	370	1709
692423280028966913	198	1369
692417313023332352	3146	8680
692187005137076224	751	2345
692158366030913536	724	1979
692142790915014657	355	1515
692041934689402880	1135	3133
692017291282812928	873	2680
691820333922455552	1499	3671
691793053716221953	3841	7516
691756958957883396	890	2610
691675652215414786	461	1800
691483041324204033	503	2210
691459709405118465	1029	3746
691444869282295808	755	2442
691416866452082688	6939	17911
691321916024623104	602	2394
691096613310316544	797	2771
691090071332753408	307	1606
690989312272396288	2623	5459
690959652130045952	1121	3326
690938899477221376	1760	3783
690932576555528194	912	3031
690735892932222976	1158	3512
690728923253055490	469	2009
690690673629138944	753	2159
690649993829576704	250	1202
690607260360429569	14	279
690597161306841088	550	1791
690400367696297985	406	1744
690374419777196032	765	2984
690360449368465409	798	2460
690348396616552449	466	1376
690248561355657216	370	1546
690021994562220032	927	2587
690015576308211712	664	2313
690005060500217858	1544	3395
689999384604450816	330	1309
689993469801164801	409	1349
689977555533848577	410	1272
689905486972461056	624	2264
689877686181715968	1048	2809
689835978131935233	690	2025
689661964914655233	851	3007
689659372465688576	3494	9555
689623661272240129	581	2048
689599056876867584	5038	10802
689557536375177216	407	1907
689517482558820352	1300	3142
689289219123089408	853	2077
689283819090870273	1005	3028
689280876073582592	642	1830
689275259254616065	225	1058
689255633275777024	980	2361
689154315265683456	900	2868
689143371370250240	458	1869
688916208532455424	775	2503
688908934925697024	709	1946
688898160958271489	710	1933
688894073864884227	622	2064
688828561667567616	326	1279
688804835492233216	171	891
688789766343622656	605	2064
688547210804498433	628	2410
688519176466644993	661	2156
688385280030670848	4094	8582
688211956440801280	763	2084
688179443353796608	533	1984
688116655151435777	702	2625
688064179421470721	325	1604
687841446767013888	2259	5039
687826841265172480	1014	2526
687818504314159109	867	2283
687807801670897665	660	2205
687732144991551489	599	1627
687704180304273409	767	2247
687664829264453632	473	1807
687494652870668288	530	1766
687480748861947905	222	1478
687476254459715584	483	1833
687460506001633280	492	1913
687399393394311168	555	1754
687317306314240000	8368	18698
687312378585812992	1741	4024
687127927494963200	2060	4984
687124485711986689	462	2025
687109925361856513	2249	5376
687102708889812993	876	2176
687096057537363968	553	2085
686947101016735744	2913	8006
686760001961103360	1262	3249
686749460672679938	1323	3212
686730991906516992	1095	3815
686683045143953408	736	2616
686618349602762752	1240	3417
686606069955735556	494	1758
686394059078897668	635	1602
686386521809772549	793	3020
686377065986265092	516	2055
686358356425093120	602	2001
686286779679375361	1530	3731
686050296934563840	665	2068
686035780142297088	105	1064
686034024800862208	1041	2856
686007916130873345	367	2287
686003207160610816	565	1684
685973236358713344	478	1942
685943807276412928	536	1500
685906723014619143	2599	6917
685681090388975616	110	1890
685667379192414208	511	2189
685663452032069632	1337	2981
685641971164143616	699	2697
685547936038666240	14172	30458
685532292383666176	1049	2815
685325112850124800	3598	8697
685321586178670592	582	2452
685315239903100929	948	3041
685307451701334016	399	1930
685268753634967552	1080	2848
685198997565345792	590	2143
685169283572338688	1285	3792
684969860808454144	328	2219
684940049151070208	948	2967
684926975086034944	417	3226
684914660081053696	1327	3228
684902183876321280	467	1721
684880619965411328	731	1925
684830982659280897	19754	32438
684800227459624960	906	2516
684594889858887680	3180	8191
684588130326986752	1283	3821
684567543613382656	1109	2770
684538444857667585	859	2442
684481074559381504	1073	3577
684460069371654144	504	1822
684241637099323392	2958	7509
684225744407494656	184	1148
684222868335505415	1242	3527
684200372118904832	947	1987
684195085588783105	458	1766
684188786104872960	1057	3232
684177701129875456	595	1869
684147889187209216	1377	2750
684122891630342144	426	1865
684097758874210310	1301	3804
683857920510050305	1023	3530
683852578183077888	317	1795
683849932751646720	858	2419
683834909291606017	1025	2421
683828599284170753	974	2591
683773439333797890	1224	3081
683742671509258241	3016	5985
683515932363329536	2626	6805
683498322573824003	875	2938
683481228088049664	907	2456
683462770029932544	620	2245
683449695444799489	1461	3583
683391852557561860	2184	7063
683357973142474752	826	2675
683142553609318400	940	2650
683111407806746624	821	3152
683098815881154561	590	2003
683078886620553216	520	1861
683030066213818368	672	2001
682962037429899265	14927	33877
682808988178739200	155	1633
682788441537560576	1019	2290
682750546109968385	398	1409
682697186228989953	333	1217
682662431982772225	988	2825
682638830361513985	535	1913
682429480204398592	1047	3187
682406705142087680	1590	6984
682393905736888321	598	2080
682389078323662849	425	1544
682303737705140231	889	2829
682259524040966145	1079	3819
682242692827447297	1043	2977
682088079302213632	8924	16834
682059653698686977	1533	4550
682047327939461121	850	2952
682032003584274432	1802	6075
682003177596559360	1373	2877
681981167097122816	922	2600
681891461017812993	747	2275
681694085539872773	3699	11838
681679526984871937	401	1630
681654059175129088	820	2429
681610798867845120	419	1736
681579835668455424	1180	3262
681523177663676416	5221	13210
681340665377193984	245	1518
681339448655802368	3711	8570
681320187870711809	673	2419
681302363064414209	1633	3607
681297372102656000	859	2967
681281657291280384	1000	2976
681261549936340994	237	1335
681242418453299201	471	1362
681231109724700672	441	2244
681193455364796417	1342	3425
680970795137544192	586	2214
680959110691590145	1825	4231
680940246314430465	938	2930
680934982542561280	395	1925
680913438424612864	565	2220
680889648562991104	327	1616
680836378243002368	1185	3196
680805554198020098	607	1987
680801747103793152	743	2196
680798457301471234	940	2612
680609293079592961	629	2416
680583894916304897	1194	3320
680497766108381184	1737	3897
680494726643068929	440	1576
680473011644985345	674	2349
680440374763077632	443	1330
680221482581123072	262	1363
680206703334408192	1051	2595
680191257256136705	444	1985
680176173301628928	1401	3571
680161097740095489	673	2146
680145970311643136	1564	3314
680130881361686529	858	2120
680115823365742593	830	2501
680100725817409536	1254	3309
680085611152338944	8168	11782
680070545539371008	778	2390
679877062409191424	582	1807
679872969355714560	598	2015
679862121895714818	557	2256
679854723806179328	1105	2615
679844490799091713	687	2188
679828447187857408	12632	33244
679777920601223168	998	2861
679736210798047232	719	1917
679729593985699840	750	1995
679722016581222400	426	1543
679530280114372609	1889	4379
679527802031484928	653	2435
679511351870550016	1150	3078
679503373272485890	1340	2923
679475951516934144	585	1929
679462823135686656	17053	29472
679405845277462528	1074	2170
679158373988876288	7260	19481
679148763231985668	927	2557
679132435750195208	1037	2713
679111216690831360	2316	5443
679062614270468097	7222	15512
679047485189439488	588	2059
679001094530465792	1097	2604
678991772295516161	1019	2077
678969228704284672	409	1498
678800283649069056	821	2358
678798276842360832	1031	3170
678774928607469569	821	2575
678767140346941444	1232	3228
678764513869611008	417	1483
678755239630127104	2937	6497
678740035362037760	1492	3408
678708137298427904	2196	5141
678675843183484930	1321	2607
678643457146150913	361	1882
678446151570427904	1374	3657
678424312106393600	2285	5004
678410210315247616	1611	3834
678399652199309312	28637	73602
678396796259975168	375	1458
678389028614488064	383	1713
678380236862578688	822	2246
678341075375947776	474	1575
678334497360859136	226	1183
678278586130948096	5499	10431
678255464182861824	327	1453
678023323247357953	341	1746
678021115718029313	5647	12398
677961670166224897	1527	3146
677918531514703872	364	1220
677895101218201600	1846	4401
677716515794329600	880	2792
677700003327029250	1294	3117
677698403548192770	288	1119
677687604918272002	757	2268
677673981332312066	1352	3039
677662372920729601	843	1778
677644091929329666	728	1713
677573743309385728	600	1941
677565715327688705	413	1194
677557565589463040	1019	2229
677547928504967168	3301	6334
677530072887205888	204	970
677335745548390400	1554	2765
677334615166730240	253	1230
677331501395156992	209	989
677328882937298944	1349	3344
677314812125323265	472	1504
677301033169788928	355	1119
677269281705472000	637	1800
677228873407442944	1468	3216
677187300187611136	815	2487
676975532580409345	953	2532
676957860086095872	720	2030
676949632774234114	350	1189
676948236477857792	778	1961
676946864479084545	328	1580
676942428000112642	668	1881
676936541936185344	4438	11644
676916996760600576	1620	2701
676897532954456065	650	2055
676864501615042560	629	1905
676821958043033607	13827	20771
676819651066732545	602	1658
676811746707918848	381	1311
676776431406465024	1805	4535
676617503762681856	857	2620
676613908052996102	178	988
676606785097199616	388	1725
676603393314578432	342	1045
676593408224403456	1897	4142
676590572941893632	110	842
676588346097852417	701	2088
676582956622721024	252	1082
676575501977128964	993	2338
676533798876651520	490	1704
676496375194980353	472	1378
676470639084101634	4190	10613
676440007570247681	591	1568
676430933382295552	303	1268
676263575653122048	485	1897
676237365392908289	251	1092
676219687039057920	27838	71058
676215927814406144	518	1574
676191832485810177	922	2058
676146341966438401	593	1755
676121918416756736	1030	1969
676101918813499392	1053	2587
676098748976615425	1253	2685
676089483918516224	393	1185
675898130735476737	506	1449
675891555769696257	766	1928
675888385639251968	842	2123
675878199931371520	1242	3784
675870721063669760	501	1473
675853064436391936	1139	2432
675849018447167488	123	867
675845657354215424	781	2052
675822767435051008	477	1383
675820929667219457	208	960
675798442703122432	3055	9333
675781562965868544	420	1459
675740360753160193	297	1063
675710890956750848	722	1696
675707330206547968	601	1787
675706639471788032	86	583
675534494439489536	365	1666
675531475945709568	333	1071
675522403582218240	248	944
675517828909424640	409	1151
675501075957489664	5231	15590
675497103322386432	1138	2829
675489971617296384	528	1156
675483430902214656	857	1668
675432746517426176	503	1364
675372240448454658	458	1533
675362609739206656	196	944
675354435921575936	14927	29535
675349384339542016	2005	3536
675334060156301312	1135	2491
675166823650848770	1389	3180
675153376133427200	2267	5609
675149409102012420	1503	3357
675147105808306176	200	841
675146535592706048	257	1058
675145476954566656	785	1919
675135153782571009	413	1167
675113801096802304	691	1742
675111688094527488	213	869
675109292475830276	1000	2523
675047298674663426	276	930
675015141583413248	1048	2427
675006312288268288	202	877
675003128568291329	406	1396
674999807681908736	958	1997
674805413498527744	319	766
674800520222154752	751	2711
674793399141146624	955	2230
674790488185167872	219	988
674788554665512960	182	720
674781762103414784	1050	1810
674774481756377088	415	992
674767892831932416	692	1636
674764817387900928	201	700
674754018082705410	384	1229
674752233200820224	402	1315
674743008475090944	469	1260
674742531037511680	45	431
674739953134403584	328	970
674737130913071104	80	582
674690135443775488	413	1027
674670581682434048	570	1451
674664755118911488	206	813
674646392044941312	430	1284
674644256330530816	243	933
674638615994089473	514	1521
674632714662858753	503	1346
674606911342424069	86	840
674468880899788800	1790	5581
674447403907457024	315	956
674436901579923456	345	988
674422304705744896	467	1286
674416750885273600	117	612
674410619106390016	402	1071
674394782723014656	490	1336
674372068062928900	280	767
674330906434379776	66	508
674318007229923329	452	1258
674307341513269249	6059	10164
674291837063053312	5159	13216
674271431610523648	645	1397
674269164442398721	203	826
674265582246694913	735	1462
674262580978937856	385	1182
674255168825880576	468	1309
674082852460433408	144	683
674075285688614912	246	891
674063288070742018	1916	5744
674053186244734976	1133	2955
674051556661161984	432	1294
674045139690631169	567	1267
674042553264685056	111	637
674038233588723717	370	983
674036086168010753	181	761
674024893172875264	1088	1587
674019345211760640	266	1019
674014384960745472	563	1391
674008982932058114	304	1086
673956914389192708	841	1753
673919437611909120	328	1059
673906403526995968	1438	2855
673887867907739649	221	845
673716320723169284	670	2792
673715861853720576	1816	3170
673711475735838725	265	942
673709992831262724	236	755
673708611235921920	256	954
673707060090052608	346	990
673705679337693185	359	1124
673700254269775872	502	1283
673697980713705472	1700	3521
673689733134946305	574	1546
673688752737402881	440	1127
673686845050527744	377	1277
673680198160809984	418	1230
673662677122719744	328	1132
673656262056419329	201	651
673636718965334016	313	996
673612854080196609	632	1427
673583129559498752	317	1070
673580926094458881	239	739
673576835670777856	489	1236
673363615379013632	267	931
673359818736984064	594	1289
673355879178194945	496	1346
673352124999274496	476	1498
673350198937153538	185	687
673345638550134785	1106	2234
673343217010679808	236	861
673342308415348736	493	1142
673320132811366400	6909	12001
673317986296586240	216	783
673295268553605120	2759	6742
673270968295534593	313	960
673240798075449344	619	1280
673213039743795200	725	1980
673148804208660480	551	1494
672997845381865473	632	1759
672995267319328768	255	846
672988786805112832	254	878
672984142909456390	471	1120
672980819271634944	894	1631
672975131468300288	786	1499
672970152493887488	307	841
672968025906282496	474	1188
672964561327235073	557	1263
672902681409806336	426	1234
672898206762672129	364	797
672884426393653248	733	1373
672877615439593473	305	910
672834301050937345	504	1160
672828477930868736	420	1110
672640509974827008	273	875
672622327801233409	423	1151
672614745925664768	512	1091
672609152938721280	338	972
672604026190569472	337	974
672594978741354496	533	1181
672591762242805761	287	848
672591271085670400	157	644
672538107540070400	319	904
672523490734551040	147	554
672488522314567680	374	991
672482722825261057	520	993
672481316919734272	111	641
672475084225949696	608	1297
672466075045466113	449	1195
672272411274932228	2943	5738
672267570918129665	539	1318
672264251789176834	288	1011
672256522047614977	1331	2519
672254177670729728	653	1276
672248013293752320	525	1536
672245253877968896	133	609
672239279297454080	277	807
672231046314901505	876	1625
672222792075620352	176	703
672205392827572224	1011	1998
672169685991993344	320	909
672160042234327040	304	767
672139350159835138	598	1552
672125275208069120	995	2122
672095186491711488	328	880
672082170312290304	319	841
672068090318987265	440	1141
671896809300709376	3683	7639
671891728106971137	485	1178
671882082306625538	1215	3118
671879137494245376	575	1250
671874878652489728	480	1108
671866342182637568	421	1000
671855973984772097	376	795
671789708968640512	3007	6333
671768281401958400	435	1051
671763349865160704	776	1497
671744970634719232	667	1212
671743150407421952	202	676
671735591348891648	658	1291
671729906628341761	3817	7514
671561002136281088	6331	11411
671550332464455680	183	811
671547767500775424	499	1206
671544874165002241	890	1735
671542985629241344	487	966
671538301157904385	336	836
671536543010570240	344	1036
671533943490011136	497	899
671528761649688577	217	741
671520732782923777	454	1223
671518598289059840	253	833
671511350426865664	606	1428
671504605491109889	3135	6251
671497587707535361	391	828
671488513339211776	415	886
671486386088865792	173	510
671485057807351808	196	679
671390180817915904	656	1282
671362598324076544	257	981
671357843010908160	133	351
671355857343524864	105	421
671347597085433856	371	835
671186162933985280	178	642
671182547775299584	284	979
671166507850801152	301	782
671163268581498880	970	1462
671159727754231808	69	313
671154572044468225	186	626
671151324042559489	128	589
671147085991960577	192	586
671141549288370177	572	1024
671138694582165504	345	822
671134062904504320	163	654
671122204919246848	2193	3093
671115716440031232	675	1217
671109016219725825	378	1008
670995969505435648	245	969
670842764863651840	7584	22113
670840546554966016	167	524
670838202509447168	599	984
670833812859932673	109	382
670832455012716544	186	647
670826280409919488	3518	4879
670823764196741120	162	677
670822709593571328	83	545
670815497391357952	1325	2794
670811965569282048	232	984
670807719151067136	429	1050
670804601705242624	824	1743
670803562457407488	78	302
670797304698376195	204	661
670792680469889025	238	735
670789397210615808	210	586
670786190031921152	172	531
670783437142401025	330	725
670782429121134593	662	1355
670780561024270336	250	704
670778058496974848	62	298
670764103623966721	371	960
670755717859713024	89	393
670733412878163972	447	851
670727704916926465	314	738
670717338665226240	421	1058
670704688707301377	320	687
670691627984359425	209	521
670679630144274432	243	668
670676092097810432	35	215
670668383499735048	4331	9480
670474236058800128	634	1342
670468609693655041	77	317
670465786746662913	468	856
670452855871037440	174	490
670449342516494336	571	1076
670444955656130560	1748	6065
670442337873600512	176	581
670435821946826752	438	941
670434127938719744	563	1259
670433248821026816	100	296
670428280563085312	524	1235
670427002554466305	142	465
670421925039075328	553	1149
670420569653809152	265	542
670417414769758208	282	501
670411370698022913	773	1797
670408998013820928	188	487
670403879788544000	130	378
670385711116361728	174	495
670374371102445568	238	669
670361874861563904	56	290
670338931251150849	96	374
670319130621435904	1068	3473
670303360680108032	107	383
670290420111441920	250	622
670093938074779648	279	913
670086499208155136	219	623
670079681849372674	1058	1955
670073503555706880	681	1388
670069087419133954	205	555
670061506722140161	290	670
670055038660800512	280	592
670046952931721218	153	575
670040295598354432	97	661
670037189829525505	240	527
670003130994700288	77	296
669993076832759809	70	288
669972011175813120	134	396
669970042633789440	43	272
669942763794931712	133	445
669926384437997569	82	340
669923323644657664	50	202
669753178989142016	342	711
669749430875258880	55	229
669684865554620416	75	449
669683899023405056	94	339
669682095984410625	116	312
669680153564442624	245	589
669661792646373376	369	715
669625907762618368	1575	3134
669603084620980224	316	848
669597912108789760	133	447
669583744538451968	806	1324
669573570759163904	120	388
669571471778410496	885	1411
669567591774625800	45	202
669564461267722241	104	337
669393256313184256	62	312
669375718304980992	634	1180
669371483794317312	148	437
669367896104181761	131	407
669363888236994561	202	558
669359674819481600	103	332
669354382627049472	1095	2396
669353438988365824	229	566
669351434509529089	157	382
669328503091937280	367	908
669327207240699904	102	498
669324657376567296	182	440
669216679721873412	348	1060
669214165781868544	135	386
669203728096960512	409	891
669037058363662336	266	575
669015743032369152	325	651
669006782128353280	209	512
669000397445533696	5534	18719
668994913074286592	191	391
668992363537309700	294	660
668989615043424256	288	596
668988183816871936	391	801
668986018524233728	140	479
668981893510119424	259	485
668979806671884288	293	706
668975677807423489	498	1158
668967877119254528	18	127
668960084974809088	210	620
668955713004314625	63	241
668932921458302977	50	226
668902994700836864	87	275
668892474547511297	126	354
668872652652679168	268	477
668852170888998912	139	410
668826086256599040	112	383
668815180734689280	227	494
668779399630725120	325	631
668655139528511488	190	474
668645506898350081	458	776
668643542311546881	447	789
668641109086707712	467	945
668636665813057536	435	921
668633411083464705	1385	2472
668631377374486528	281	620
668627278264475648	97	281
668625577880875008	112	330
668623201287675904	655	1250
668620235289837568	35	181
668614819948453888	271	544
668587383441514497	924	1479
668567822092664832	46	206
668544745690562560	197	452
668542336805281792	182	403
668537837512433665	60	225
668528771708952576	189	404
668507509523615744	87	280
668496999348633600	115	360
668484198282485761	208	372
668480044826800133	128	397
668466899341221888	443	772
668297328638447616	255	557
668291999406125056	28	213
668286279830867968	118	436
668274247790391296	198	723
668268907921326080	206	486
668256321989451776	518	1154
668248472370458624	408	844
668237644992782336	2432	5457
668226093875376128	84	247
668221241640230912	169	452
668204964695683073	172	489
668190681446379520	170	577
668171859951755264	161	425
668154635664932864	272	440
668142349051129856	238	511
668113020489474048	208	587
667937095915278337	695	1115
667924896115245057	95	264
667915453470232577	45	184
667911425562669056	245	431
667902449697558528	334	762
667886921285246976	909	1651
667885044254572545	400	731
667878741721415682	101	349
667873844930215936	339	553
667866724293877760	901	2719
667861340749471744	69	221
667832474953625600	55	256
667806454573760512	419	931
667801013445750784	82	284
667793409583771648	285	610
667782464991965184	210	363
667773195014021121	44	204
667766675769573376	184	373
667728196545200128	128	324
667724302356258817	269	423
667550904950915073	29	0
667550882905632768	26	0
667549055577362432	1964	5117
667546741521195010	107	302
667544320556335104	459	763
667538891197542400	58	176
667534815156183040	446	719
667530908589760512	207	412
667524857454854144	970	1508
667517642048163840	166	332
667509364010450944	1867	6075
667502640335572993	195	485
667495797102141441	232	458
667491009379606528	190	459
667470559035432960	85	225
667455448082227200	53	171
667453023279554560	74	279
667443425659232256	490	683
667437278097252352	199	396
667435689202614272	77	266
667405339315146752	197	412
667393430834667520	50	168
667369227918143488	145	328
667211855547486208	210	425
667200525029539841	228	545
667192066997374976	86	332
667188689915760640	334	643
667182792070062081	5288	12558
667177989038297088	48	166
667176164155375616	389	527
667174963120574464	70	218
667171260800061440	72	186
667165590075940865	973	2382
667160273090932737	50	219
667152164079423490	14642	42341
667138269671505920	1877	4021
667119796878725120	107	286
667090893657276420	106	287
667073648344346624	104	352
667070482143944705	13	72
667065535570550784	40	143
667062181243039745	45	192
667044094246576128	43	163
667012601033924608	187	395
666996132027977728	79	214
666983947667116034	847	2249
666837028449972224	474	702
666835007768551424	66	185
666826780179869698	79	221
666817836334096384	212	444
666804364988780544	79	206
666786068205871104	411	658
666781792255496192	169	327
666776908487630848	150	305
666739327293083650	60	209
666701168228331520	182	371
666691418707132416	42	161
666649482315059201	526	993
666644823164719104	70	208
666454714377183233	182	448
666447344410484738	19	90
666437273139982337	40	106
666435652385423360	42	139
666430724426358785	160	278
666428276349472768	67	139
666421158376562688	92	273
666418789513326592	39	108
666411507551481857	262	372
666407126856765440	30	93
666396247373291520	69	147
666373753744588802	73	163
666362758909284353	471	650
666353288456101888	58	179
666345417576210432	125	246
666337882303524864	79	168
666293911632134144	291	427
666287406224695296	57	123
666273097616637952	68	152
666268910803644416	38	100
666104133288665088	5494	12915
666102155909144576	11	66
666099513787052032	53	134
666094000022159362	63	143
666082916733198337	37	93
666073100786774016	132	274
666071193221509120	51	127
666063827256086533	181	400
666058600524156928	47	99
666057090499244032	112	249
666055525042405380	196	367
666051853826850816	706	1029
666050758794694657	50	115
666049248165822465	37	89
666044226329800704	115	246
666033412701032449	36	99
666029285002620928	39	112
666020888022790149	423	2293
